
0.009903	-0.04	0.34
0.019831	-0.07	0.35
0.029732	-0.10	0.36
0.039522	-0.13	0.38
0.049402	-0.16	0.39
0.059333	-0.19	0.39
0.069098	-0.21	0.39
0.078937	-0.24	0.40
0.088880	-0.28	0.40
0.098887	-0.31	0.42
0.108837	-0.35	0.42
0.118814	-0.37	0.42
0.128796	-0.39	0.40
0.138757	-0.45	0.39
0.148749	-0.48	0.39
0.158707	-0.51	0.41
0.168675	-0.53	0.41
0.178655	-0.57	0.45
0.188677	-0.61	0.46
0.198483	-0.63	0.45
0.208457	-0.65	0.44
0.218423	-0.68	0.44
0.228404	-0.70	0.45
0.238353	-0.74	0.46
0.248284	-0.77	0.45
0.258790	-0.81	0.43
0.268701	-0.83	0.41
0.278653	-0.85	0.39
0.288462	-0.88	0.38
0.298426	-0.90	0.39
0.308403	-0.92	0.39
0.318379	-0.94	0.37
0.328381	-0.96	0.35
0.338365	-0.96	0.30
0.348335	-0.97	0.26
0.358332	-0.99	0.24
0.368310	-1.01	0.24
0.378273	-1.03	0.24
0.388248	-1.06	0.24
0.398228	-1.06	0.24
0.408218	-1.06	0.22
0.418199	-1.07	0.18
0.428162	-1.08	0.13
0.438114	-1.10	0.08
0.448246	-1.12	0.07
0.458227	-1.15	0.09
0.468200	-1.20	0.15
0.478184	-1.22	0.15
0.488131	-1.25	0.14
0.498049	-1.25	0.11
0.508023	-1.26	0.08
0.517993	-1.26	0.03
0.527963	-1.28	-0.02
0.537932	-1.30	-0.04
0.547928	-1.34	0.01
0.557940	-1.36	0.07
0.567909	-1.38	0.07
0.577915	-1.37	0.09
0.588015	-1.37	0.10
0.597996	-1.35	0.10
0.607967	-1.37	0.11
0.617938	-1.39	0.13
0.627900	-1.41	0.14
0.637852	-1.42	0.13
0.647818	-1.43	0.12
0.657796	-1.43	0.12
0.667759	-1.44	0.13
0.677557	-1.44	0.12
0.687526	-1.45	0.14
0.697304	-1.44	0.15
0.707097	-1.46	0.17
0.717062	-1.46	0.18
0.727018	-1.49	0.19
0.736983	-1.48	0.21
0.746939	-1.49	0.21
0.756906	-1.50	0.21
0.766883	-1.50	0.21
0.776851	-1.50	0.22
0.786838	-1.50	0.23
0.796603	-1.49	0.23
0.806592	-1.50	0.23
0.816573	-1.49	0.23
0.826540	-1.48	0.25
0.836523	-1.49	0.22
0.846494	-1.49	0.22
0.856438	-1.48	0.22
0.866443	-1.49	0.22
0.876504	-1.49	0.21
0.886518	-1.49	0.22
0.896609	-1.49	0.23
0.906595	-1.49	0.20
0.916341	-1.48	0.20
0.926304	-1.47	0.20
0.936282	-1.46	0.20
0.946056	-1.46	0.22
0.955965	-1.45	0.23
0.965914	-1.45	0.25
0.975886	-1.45	0.22
0.985879	-1.44	0.22
0.995668	-1.44	0.23
1.005700	-1.44	0.20
1.015681	-1.44	0.18
1.025684	-1.44	0.18
1.035682	-1.42	0.18
1.045693	-1.43	0.15
1.055667	-1.43	0.17
1.065685	-1.42	0.18
1.075474	-1.41	0.18
1.085448	-1.40	0.17
1.095264	-1.39	0.18
1.105204	-1.38	0.18
1.115167	-1.36	0.19
1.124965	-1.36	0.16
1.134918	-1.35	0.15
1.144887	-1.34	0.16
1.154854	-1.34	0.17
1.164818	-1.30	0.18
1.174779	-1.29	0.18
1.184750	-1.29	0.20
1.194560	-1.29	0.20
1.204505	-1.27	0.20
1.214475	-1.26	0.19
1.224454	-1.26	0.17
1.234427	-1.26	0.18
1.244395	-1.25	0.14
1.254350	-1.24	0.16
1.264315	-1.24	0.15
1.274273	-1.24	0.16
1.284252	-1.23	0.19
1.294138	-1.22	0.19
1.304063	-1.24	0.21
1.314041	-1.23	0.18
1.324015	-1.23	0.18
1.333853	-1.22	0.16
1.344062	-1.21	0.16
1.354043	-1.20	0.16
1.364018	-1.19	0.14
1.373974	-1.18	0.16
1.383939	-1.18	0.13
1.393802	-1.15	0.11
1.403736	-1.14	0.14
1.413701	-1.13	0.13
1.423680	-1.15	0.12
1.433646	-1.15	0.12
1.443460	-1.15	0.12
1.453367	-1.14	0.12
1.463330	-1.13	0.13
1.473284	-1.13	0.13
1.483246	-1.12	0.12
1.493136	-1.11	0.15
1.503043	-1.11	0.13
1.513019	-1.09	0.12
1.522975	-1.08	0.12
1.532954	-1.07	0.12
1.542809	-1.07	0.11
1.552698	-1.06	0.11
1.562682	-1.06	0.08
1.572639	-1.06	0.08
1.582613	-1.05	0.07
1.592509	-1.05	0.08
1.602417	-1.04	0.07
1.612387	-1.03	0.07
1.622352	-1.03	0.07
1.632316	-1.03	0.08
1.642293	-1.03	0.07
1.652272	-1.01	0.08
1.662225	-1.01	0.10
1.672212	-1.00	0.10
1.682172	-1.00	0.08
1.692036	-0.99	0.09
1.701897	-0.99	0.12
1.711786	-0.97	0.14
1.721699	-0.96	0.16
1.731681	-0.94	0.18
1.741672	-0.94	0.18
1.751543	-0.93	0.18
1.761560	-0.93	0.18
1.771552	-0.92	0.15
1.781517	-0.92	0.12
1.791457	-0.91	0.12
1.801611	-0.89	0.12
1.811592	-0.88	0.11
1.821557	-0.91	0.11
1.831533	-0.91	0.11
1.841519	-0.91	0.11
1.851494	-0.90	0.13
1.861465	-0.91	0.13
1.871434	-0.90	0.11
1.881448	-0.89	0.11
1.891415	-0.88	0.09
1.901286	-0.87	0.07
1.911263	-0.86	0.08
1.921228	-0.85	0.09
1.931210	-0.84	0.09
1.941081	-0.83	0.09
1.950934	-0.83	0.09
1.960812	-0.82	0.09
1.970696	-0.82	0.10
1.980671	-0.81	0.09
1.990618	-0.80	0.10
2.000464	-0.80	0.09
2.010453	-0.80	0.09
2.020426	-0.80	0.11
2.030419	-0.80	0.11
2.040394	-0.79	0.11
2.050374	-0.79	0.08
2.060362	-0.78	0.08
2.070346	-0.79	0.08
2.080310	-0.78	0.08
2.090279	-0.77	0.09
2.100148	-0.77	0.09
2.110054	-0.77	0.08
2.119891	-0.76	0.09
2.129871	-0.75	0.08
2.139842	-0.75	0.06
2.149809	-0.73	0.06
2.159775	-0.73	0.07
2.169701	-0.73	0.09
2.179529	-0.72	0.07
2.189479	-0.71	0.08
2.199444	-0.71	0.08
2.209416	-0.71	0.09
2.219391	-0.72	0.07
2.229357	-0.71	0.04
2.239323	-0.71	0.04
2.249576	-0.70	0.05
2.259554	-0.70	0.06
2.269518	-0.71	0.04
2.279493	-0.70	0.05
2.289456	-0.70	0.05
2.299432	-0.70	0.05
2.309416	-0.70	0.06
2.319386	-0.70	0.06
2.329348	-0.69	0.06
2.339354	-0.69	0.06
2.349321	-0.69	0.03
2.359330	-0.68	0.01
2.369343	-0.68	0.01
2.379284	-0.68	0.01
2.389111	-0.67	0.04
2.398977	-0.66	0.04
2.408961	-0.66	0.02
2.418930	-0.66	-0.01
2.428876	-0.66	-0.00
2.438813	-0.66	0.00
2.448660	-0.66	0.01
2.458652	-0.64	0.01
2.468621	-0.63	0.02
2.478632	-0.63	0.04
2.488649	-0.62	0.04
2.498489	-0.62	0.03
2.508440	-0.62	0.01
2.518246	-0.62	0.01
2.528221	-0.60	0.04
2.538179	-0.60	0.01
2.548156	-0.60	-0.01
2.558120	-0.59	-0.02
2.568111	-0.58	-0.03
2.578076	-0.60	-0.02
2.588030	-0.64	-0.01
2.597817	-0.64	0.02
2.607792	-0.63	0.04
2.617775	-0.62	0.07
2.627742	-0.61	0.08
2.637709	-0.60	0.08
2.647683	-0.60	0.08
2.657659	-0.59	0.11
2.667629	-0.59	0.07
2.677597	-0.60	0.08
2.687553	-0.59	0.06
2.697592	-0.59	0.08
2.707567	-0.60	0.07
2.717542	-0.59	0.07
2.727499	-0.58	0.08
2.737460	-0.59	0.09
2.747422	-0.59	0.10
2.757377	-0.58	0.11
2.767345	-0.58	0.11
2.777309	-0.58	0.08
2.787270	-0.58	0.09
2.797132	-0.59	0.09
2.806926	-0.58	0.09
2.816918	-0.57	0.10
2.826886	-0.58	0.09
2.836863	-0.57	0.09
2.846828	-0.57	0.11
2.856821	-0.56	0.12
2.866791	-0.55	0.09
2.876754	-0.55	0.06
2.887140	-0.55	0.05
2.896946	-0.54	0.06
2.906955	-0.59	0.08
2.916729	-0.64	0.16
2.926725	-0.68	0.29
2.936702	-0.69	0.36
2.946530	-0.68	0.34
2.956524	-0.63	0.33
2.966520	-0.58	0.27
2.976504	-0.56	0.25
2.986443	-0.56	0.29
2.996391	-0.57	0.27
3.006550	-0.56	0.22
3.016300	-0.52	0.14
3.026275	-0.49	0.10
3.036270	-0.49	0.11
3.046240	-0.53	0.19
3.056206	-0.55	0.21
3.066193	-0.53	0.21
3.076148	-0.51	0.14
3.086114	-0.49	0.08
3.096011	-0.48	0.11
3.105973	-0.50	0.13
3.115952	-0.56	0.20
3.125913	-0.55	0.25
3.135869	-0.54	0.26
3.146127	-0.48	0.22
3.155915	-0.43	0.19
3.165917	-0.44	0.19
3.175895	-0.47	0.22
3.185852	-0.50	0.24
3.195648	-0.51	0.28
3.205604	-0.44	0.28
3.215602	-0.45	0.29
3.225394	-0.48	0.39
3.235169	-0.49	0.46
3.245133	-0.51	0.49
3.255111	-0.52	0.48
3.265082	-0.49	0.42
3.275055	-0.52	0.39
3.285036	-0.55	0.37
3.294969	-0.60	0.39
3.304907	-0.61	0.41
3.314888	-0.61	0.44
3.324868	-0.60	0.48
3.334839	-0.59	0.54
3.344827	-0.59	0.56
3.354804	-0.60	0.57
3.364763	-0.61	0.53
3.374741	-0.63	0.54
3.384716	-0.64	0.58
3.394659	-0.65	0.58
3.404602	-0.62	0.62
3.414593	-0.65	0.66
3.424571	-0.64	0.64
3.434373	-0.63	0.66
3.444245	-0.66	0.69
3.454186	-0.67	0.70
3.464167	-0.70	0.71
3.474166	-0.71	0.72
3.484141	-0.70	0.74
3.494106	-0.74	0.75
3.504041	-0.76	0.76
3.514029	-0.78	0.78
3.523994	-0.78	0.78
3.533979	-0.74	0.77
3.543943	-0.72	0.77
3.553922	-0.72	0.76
3.563880	-0.74	0.74
3.573845	-0.75	0.70
3.584086	-0.69	0.68
3.594065	-0.70	0.69
3.603996	-0.69	0.68
3.613982	-0.64	0.66
3.623953	-0.66	0.62
3.633934	-0.64	0.57
3.643746	-0.62	0.53
3.653711	-0.60	0.50
3.663697	-0.60	0.50
3.673671	-0.58	0.49
3.683650	-0.56	0.48
3.693484	-0.57	0.46
3.703409	-0.58	0.46
3.713387	-0.54	0.45
3.723358	-0.54	0.46
3.733327	-0.54	0.46
3.743297	-0.53	0.46
3.753285	-0.55	0.47
3.763260	-0.56	0.47
3.773226	-0.58	0.48
3.783187	-0.60	0.50
3.793019	-0.60	0.52
3.803124	-0.62	0.53
3.813130	-0.65	0.54
3.823119	-0.67	0.56
3.833099	-0.70	0.60
3.843062	-0.72	0.62
3.852903	-0.71	0.62
3.862766	-0.70	0.63
3.872741	-0.71	0.63
3.882709	-0.71	0.64
3.892682	-0.75	0.66
3.902614	-0.75	0.64
3.912594	-0.75	0.64
3.922557	-0.75	0.64
3.932525	-0.73	0.63
3.942372	-0.73	0.62
3.952249	-0.73	0.64
3.962221	-0.69	0.64
3.972204	-0.71	0.59
3.982168	-0.71	0.54
3.992143	-0.68	0.52
4.002072	-0.65	0.53
4.012050	-0.69	0.53
4.022058	-0.70	0.52
4.032317	-0.69	0.50
4.042277	-0.70	0.50
4.052243	-0.67	0.48
4.062084	-0.67	0.45
4.071947	-0.68	0.44
4.081931	-0.67	0.45
4.091900	-0.69	0.45
4.101854	-0.69	0.45
4.111845	-0.69	0.45
4.121821	-0.69	0.46
4.131788	-0.69	0.46
4.141742	-0.69	0.47
4.151716	-0.69	0.53
4.161689	-0.71	0.56
4.171673	-0.75	0.56
4.181633	-0.75	0.61
4.191500	-0.80	0.63
4.201383	-0.79	0.66
4.211366	-0.79	0.70
4.221351	-0.80	0.74
4.231315	-0.80	0.78
4.241286	-0.82	0.84
4.251257	-0.84	0.86
4.261228	-0.82	0.83
4.271120	-0.81	0.82
4.280992	-0.81	0.82
4.290978	-0.81	0.79
4.300936	-0.81	0.77
4.310914	-0.79	0.72
4.320884	-0.76	0.64
4.330835	-0.74	0.61
4.340843	-0.72	0.57
4.350807	-0.71	0.55
4.360783	-0.76	0.47
4.370743	-0.74	0.41
4.380767	-0.72	0.34
4.390738	-0.70	0.24
4.400699	-0.68	0.19
4.410673	-0.68	0.17
4.420648	-0.68	0.12
4.430610	-0.70	0.12
4.440510	-0.71	0.10
4.450347	-0.63	0.16
4.460345	-0.68	0.20
4.470600	-0.64	0.15
4.480506	-0.66	0.19
4.490366	-0.67	0.17
4.500349	-0.67	0.19
4.510338	-0.67	0.20
4.520301	-0.69	0.19
4.530267	-0.67	0.19
4.540244	-0.67	0.20
4.550214	-0.66	0.21
4.560169	-0.66	0.22
4.570148	-0.65	0.24
4.580106	-0.65	0.25
4.590060	-0.60	0.24
4.600157	-0.60	0.24
4.610133	-0.60	0.22
4.620112	-0.63	0.21
4.630077	-0.62	0.20
4.640036	-0.62	0.20
4.649981	-0.61	0.20
4.659955	-0.61	0.21
4.669937	-0.59	0.23
4.679903	-0.59	0.23
4.689826	-0.59	0.19
4.699596	-0.62	0.19
4.709457	-0.62	0.18
4.719438	-0.63	0.18
4.729396	-0.62	0.18
4.739341	-0.64	0.17
4.749360	-0.64	0.17
4.759327	-0.67	0.17
4.769288	-0.66	0.16
4.779258	-0.65	0.16
4.789217	-0.64	0.15
4.799153	-0.65	0.15
4.808957	-0.64	0.12
4.818938	-0.64	0.13
4.828893	-0.63	0.11
4.838856	-0.62	0.09
4.848815	-0.61	0.11
4.858781	-0.61	0.12
4.868739	-0.60	0.11
4.878695	-0.61	0.12
4.888685	-0.60	0.13
4.898615	-0.60	0.15
4.908415	-0.62	0.09
4.918407	-0.61	0.09
4.928639	-0.59	0.12
4.938621	-0.59	0.09
4.948433	-0.58	0.10
4.958414	-0.58	0.10
4.968395	-0.58	0.09
4.978346	-0.58	0.07
4.988306	-0.57	0.07
4.998551	-0.57	0.08
5.009419	-0.57	0.08
5.019279	-0.57	0.08
5.029224	-0.57	0.08
5.039038	-0.58	0.10
5.049014	-0.58	0.11
5.058988	-0.59	0.13
5.068950	-0.59	0.13
5.078905	-0.59	0.13
5.088881	-0.59	0.15
5.098843	-0.58	0.15
5.108709	-0.57	0.15
5.118520	-0.57	0.15
5.128508	-0.57	0.15
5.138479	-0.57	0.16
5.148437	-0.57	0.16
5.158411	-0.57	0.18
5.168394	-0.57	0.19
5.178365	-0.57	0.21
5.188310	-0.57	0.18
5.198097	-0.57	0.17
5.207885	-0.57	0.18
5.217850	-0.57	0.16
5.227809	-0.57	0.18
5.237601	-0.56	0.17
5.247584	-0.57	0.17
5.257546	-0.57	0.15
5.267531	-0.57	0.15
5.277490	-0.56	0.14
5.287471	-0.57	0.13
5.297446	-0.56	0.13
5.307334	-0.57	0.16
5.317305	-0.55	0.15
5.327068	-0.58	0.15
5.337063	-0.58	0.17
5.347017	-0.58	0.17
5.356985	-0.56	0.15
5.366962	-0.57	0.14
5.391139	-0.56	0.14
5.401090	-0.57	0.12
5.410969	-0.56	0.13
5.420948	-0.57	0.12
5.430921	-0.55	0.11
5.440797	-0.56	0.09
5.450637	-0.54	0.09
5.460616	-0.55	0.09
5.470531	-0.55	0.09
5.480382	-0.55	0.07
5.490339	-0.54	0.05
5.500285	-0.54	0.05
5.510141	-0.53	0.04
5.520125	-0.53	0.06
5.530043	-0.51	0.06
5.539864	-0.52	0.06
5.549847	-0.52	0.06
5.559816	-0.52	0.07
5.569792	-0.52	0.06
5.579747	-0.51	0.07
5.589726	-0.51	0.07
5.599683	-0.52	0.08
5.609511	-0.51	0.10
5.619505	-0.52	0.08
5.629452	-0.52	0.10
5.639435	-0.53	0.11
5.649404	-0.53	0.10
5.659382	-0.52	0.11
5.669356	-0.53	0.11
5.679372	-0.52	0.11
5.689286	-0.51	0.13
5.699117	-0.51	0.14
5.708941	-0.52	0.14
5.718927	-0.52	0.14
5.728903	-0.50	0.15
5.738838	-0.50	0.14
5.748757	-0.49	0.17
5.758743	-0.48	0.18
5.768707	-0.49	0.20
5.778680	-0.50	0.22
5.788587	-0.49	0.23
5.798394	-0.49	0.23
5.808213	-0.49	0.23
5.818202	-0.48	0.20
5.828160	-0.49	0.23
5.838436	-0.48	0.19
5.848416	-0.49	0.20
5.858381	-0.48	0.20
5.868348	-0.48	0.22
5.878174	-0.50	0.22
5.888167	-0.50	0.24
5.898126	-0.51	0.23
5.908040	-0.50	0.24
5.918022	-0.51	0.26
5.927994	-0.50	0.25
5.937939	-0.50	0.24
5.947696	-0.50	0.23
5.957490	-0.49	0.24
5.967437	-0.48	0.25
5.977361	-0.49	0.25
5.987283	-0.50	0.25
5.997247	-0.50	0.24
6.007046	-0.50	0.24
6.017031	-0.50	0.24
6.027023	-0.49	0.24
6.037004	-0.49	0.24
6.046967	-0.49	0.25
6.056951	-0.49	0.27
6.066931	-0.50	0.29
6.076893	-0.51	0.28
6.086856	-0.50	0.27
6.096815	-0.50	0.27
6.106629	-0.50	0.26
6.116628	-0.51	0.26
6.126596	-0.50	0.26
6.136566	-0.50	0.26
6.146531	-0.50	0.27
6.156534	-0.50	0.26
6.166287	-0.49	0.26
6.176250	-0.49	0.25
6.186232	-0.50	0.25
6.196019	-0.50	0.26
6.205881	-0.51	0.26
6.215862	-0.50	0.26
6.225823	-0.51	0.23
6.235787	-0.50	0.23
6.245765	-0.51	0.20
6.255732	-0.50	0.18
6.265697	-0.50	0.18
6.275512	-0.50	0.19
6.285486	-0.49	0.18
6.295755	-0.50	0.19
6.305641	-0.51	0.16
6.315607	-0.51	0.16
6.325579	-0.52	0.18
6.335562	-0.52	0.18
6.345523	-0.52	0.18
6.355510	-0.52	0.18
6.365482	-0.51	0.19
6.375265	-0.52	0.18
6.385215	-0.52	0.18
6.395188	-0.51	0.18
6.405084	-0.51	0.17
6.415084	-0.51	0.18
6.425077	-0.50	0.17
6.435053	-0.50	0.17
6.444842	-0.50	0.16
6.454779	-0.49	0.16
6.464738	-0.50	0.13
6.474705	-0.50	0.12
6.484664	-0.50	0.11
6.494625	-0.48	0.12
6.504527	-0.49	0.11
6.514465	-0.48	0.11
6.524432	-0.48	0.12
6.534404	-0.47	0.11
6.544375	-0.48	0.10
6.554344	-0.47	0.07
6.564298	-0.47	0.09
6.574261	-0.46	0.10
6.584072	-0.48	0.08
6.593988	-0.47	0.08
6.603932	-0.48	0.08
6.613855	-0.47	0.05
6.623852	-0.47	0.06
6.633823	-0.47	0.03
6.643789	-0.47	0.02
6.653768	-0.47	0.02
6.663721	-0.48	0.00
6.673699	-0.49	0.03
6.683673	-0.50	0.05
6.693516	-0.49	0.05
6.703383	-0.50	0.02
6.713307	-0.50	-0.00
6.723286	-0.51	0.01
6.733261	-0.51	-0.02
6.743480	-0.51	-0.02
6.753462	-0.51	-0.02
6.763439	-0.51	-0.00
6.773395	-0.51	0.02
6.783368	-0.50	0.05
6.793202	-0.51	0.07
6.803119	-0.51	0.06
6.813049	-0.51	0.08
6.823035	-0.52	0.08
6.832994	-0.51	0.08
6.842964	-0.52	0.06
6.852920	-0.52	0.07
6.862885	-0.52	0.06
6.872863	-0.51	0.07
6.882894	-0.52	0.06
6.892856	-0.52	0.06
6.902861	-0.51	0.06
6.912756	-0.50	0.05
6.922745	-0.50	0.03
6.932709	-0.50	0.04
6.942574	-0.51	0.03
6.952430	-0.51	0.06
6.962374	-0.52	0.03
6.972346	-0.53	0.03
6.982330	-0.53	0.03
6.992306	-0.53	0.03
7.002163	-0.51	0.03
7.012063	-0.50	0.02
7.022064	-0.50	0.04
7.032033	-0.50	0.04
7.041997	-0.49	0.04
7.051961	-0.49	0.03
7.061935	-0.48	0.04
7.071890	-0.48	0.03
7.081866	-0.50	0.05
7.091842	-0.49	0.05
7.101812	-0.49	0.03
7.111737	-0.50	0.02
7.121715	-0.49	0.02
7.131667	-0.49	0.01
7.141614	-0.49	0.01
7.151586	-0.48	0.01
7.161544	-0.48	-0.02
7.171522	-0.49	-0.02
7.181478	-0.48	0.00
7.191395	-0.47	0.00
7.201523	-0.46	0.01
7.211441	-0.46	0.01
7.221335	-0.45	0.01
7.231322	-0.46	0.01
7.241299	-0.45	0.02
7.251257	-0.46	0.03
7.261234	-0.46	0.02
7.271208	-0.46	0.00
7.281170	-0.45	0.02
7.291139	-0.45	0.04
7.301100	-0.45	0.01
7.310932	-0.46	0.02
7.320985	-0.46	0.02
7.330968	-0.45	0.01
7.340928	-0.46	0.01
7.350895	-0.46	0.01
7.360859	-0.46	0.01
7.370836	-0.47	0.01
7.380806	-0.47	0.04
7.390780	-0.48	0.04
7.400745	-0.47	0.04
7.410669	-0.47	0.04
7.420601	-0.48	0.04
7.430451	-0.49	0.04
7.440377	-0.49	0.04
7.450231	-0.50	0.04
7.460154	-0.50	0.01
7.470118	-0.49	0.02
7.480109	-0.48	0.01
7.490077	-0.51	0.01
7.500044	-0.51	0.00
7.509970	-0.51	0.00
7.519974	-0.51	-0.03
7.529952	-0.51	-0.02
7.539910	-0.50	-0.02
7.549888	-0.50	-0.04
7.559856	-0.49	-0.05
7.569827	-0.48	-0.05
7.579813	-0.48	-0.04
7.589775	-0.47	-0.03
7.599761	-0.48	-0.04
7.609710	-0.48	-0.02
7.619701	-0.48	-0.01
7.629607	-0.48	-0.01
7.639467	-0.47	-0.00
7.649733	-0.46	0.02
7.659719	-0.46	0.01
7.669695	-0.47	0.00
7.679665	-0.47	0.00
7.689602	-0.47	0.00
7.699441	-0.47	-0.02
7.709459	-0.47	-0.02
7.719444	-0.47	-0.02
7.729419	-0.47	-0.02
7.739420	-0.48	-0.01
7.749397	-0.48	-0.01
7.759361	-0.48	-0.01
7.769389	-0.48	-0.00
7.779365	-0.47	0.00
7.789366	-0.46	0.01
7.799380	-0.47	-0.01
7.809431	-0.47	-0.02
7.819406	-0.47	-0.02
7.829375	-0.48	-0.04
7.839282	-0.49	-0.02
7.849104	-0.48	-0.03
7.859081	-0.48	-0.03
7.869036	-0.48	-0.03
7.878992	-0.49	-0.02
7.888955	-0.49	-0.01
7.898926	-0.48	0.01
7.908888	-0.48	0.02
7.918903	-0.48	-0.00
7.928862	-0.47	-0.03
7.938805	-0.48	-0.05
7.948558	-0.48	-0.05
7.958366	-0.48	-0.05
7.968369	-0.48	-0.04
7.978342	-0.47	-0.04
7.988312	-0.47	-0.02
7.998277	-0.48	-0.04
8.008247	-0.48	-0.05
8.018223	-0.49	-0.04
8.028202	-0.49	-0.04
8.038164	-0.48	-0.03
8.048100	-0.48	-0.03
8.057877	-0.48	-0.01
8.067858	-0.47	-0.01
8.077822	-0.48	-0.01
8.087787	-0.49	-0.00
8.097733	-0.49	0.00
8.107926	-0.49	-0.00
8.117716	-0.49	0.00
8.127710	-0.50	0.00
8.137696	-0.50	-0.01
8.147652	-0.51	-0.00
8.157624	-0.50	-0.02
8.167583	-0.50	-0.02
8.177548	-0.51	-0.03
8.187503	-0.50	-0.03
8.197294	-0.50	-0.02
8.207259	-0.50	-0.04
8.217024	-0.49	-0.04
8.227043	-0.50	-0.04
8.237011	-0.51	-0.04
8.246986	-0.51	-0.01
8.256965	-0.52	-0.01
8.266741	-0.51	-0.02
8.276745	-0.52	-0.03
8.286714	-0.52	-0.03
8.296677	-0.52	-0.02
8.306653	-0.50	-0.02
8.316405	-0.50	-0.02
8.326547	-0.50	-0.00
8.336523	-0.51	-0.02
8.346553	-0.51	-0.03
8.356292	-0.52	-0.03
8.366256	-0.52	-0.02
8.376229	-0.52	-0.04
8.386199	-0.53	-0.02
8.396154	-0.53	-0.01
8.406129	-0.54	-0.01
8.415912	-0.54	-0.01
8.425875	-0.52	-0.01
8.435854	-0.52	-0.02
8.445627	-0.53	-0.02
8.455557	-0.53	-0.03
8.465521	-0.53	-0.03
8.475321	-0.52	0.00
8.485267	-0.54	0.01
8.495244	-0.54	0.00
8.505214	-0.54	-0.00
8.514998	-0.54	0.00
8.524949	-0.53	0.00
8.534903	-0.54	0.01
8.544859	-0.55	-0.02
8.555122	-0.55	-0.01
8.565082	-0.54	-0.01
8.575034	-0.54	-0.01
8.584970	-0.54	-0.01
8.594903	-0.58	-0.00
8.604851	-0.57	-0.00
8.614668	-0.58	0.03
8.624587	-0.58	0.04
8.634722	-0.56	0.02
8.644688	-0.56	0.03
8.654682	-0.56	0.02
8.664661	-0.55	-0.01
8.674624	-0.56	-0.01
8.684450	-0.55	0.00
8.694271	-0.54	-0.01
8.704199	-0.54	-0.01
8.714023	-0.54	-0.01
8.723941	-0.54	-0.02
8.733925	-0.54	-0.03
8.743895	-0.55	-0.02
8.753861	-0.54	-0.02
8.763824	-0.54	0.00
8.773807	-0.54	0.00
8.783780	-0.55	0.03
8.793732	-0.55	0.05
8.803698	-0.55	0.05
8.813537	-0.55	0.05
8.823617	-0.56	0.02
8.833493	-0.57	0.02
8.843399	-0.56	0.04
8.853250	-0.56	0.04
8.863167	-0.56	0.05
8.873151	-0.56	0.04
8.883109	-0.55	0.05
8.892940	-0.56	0.05
8.902928	-0.56	0.04
8.912804	-0.55	0.01
8.922704	-0.55	0.01
8.932672	-0.55	0.02
8.942538	-0.55	0.04
8.952414	-0.56	0.05
8.962356	-0.56	0.05
8.972328	-0.55	0.05
8.982290	-0.55	0.03
8.992261	-0.55	0.00
9.002219	-0.54	0.03
9.012402	-0.54	0.03
9.022335	-0.54	0.02
9.032326	-0.54	0.02
9.042290	-0.54	0.02
9.052252	-0.55	0.02
9.062223	-0.55	-0.00
9.072183	-0.54	0.03
9.082211	-0.55	0.02
9.092158	-0.53	-0.00
9.102012	-0.52	0.02
9.111826	-0.51	0.01
9.121732	-0.52	0.02
9.131734	-0.52	0.03
9.141701	-0.51	0.02
9.151661	-0.50	0.02
9.161619	-0.49	0.02
9.171587	-0.49	0.03
9.181545	-0.49	0.06
9.191422	-0.49	0.06
9.201275	-0.49	0.06
9.211188	-0.50	0.06
9.221045	-0.51	0.04
9.231023	-0.50	0.05
9.241003	-0.50	0.03
9.250975	-0.50	0.06
9.260933	-0.49	0.08
9.270902	-0.49	0.08
9.280871	-0.49	0.07
9.290867	-0.50	0.06
9.300838	-0.50	0.06
9.310717	-0.50	0.06
9.320561	-0.50	0.07
9.330558	-0.50	0.09
9.340529	-0.50	0.09
9.350490	-0.50	0.09
9.360468	-0.51	0.10
9.370427	-0.52	0.09
9.380404	-0.52	0.12
9.390311	-0.52	0.11
9.400290	-0.55	0.12
9.410232	-0.54	0.12
9.420163	-0.54	0.13
9.430149	-0.55	0.13
9.440046	-0.54	0.13
9.449869	-0.54	0.13
9.460090	-0.53	0.10
9.470075	-0.53	0.11
9.480101	-0.53	0.11
9.490061	-0.54	0.13
9.500069	-0.55	0.14
9.510059	-0.55	0.14
9.519825	-0.53	0.14
9.529664	-0.54	0.14
9.539649	-0.53	0.15
9.549645	-0.52	0.14
9.559624	-0.52	0.14
9.569603	-0.52	0.11
9.579571	-0.52	0.11
9.589535	-0.52	0.09
9.599512	-0.52	0.10
9.609480	-0.51	0.13
9.619292	-0.51	0.12
9.629268	-0.51	0.12
9.639237	-0.52	0.10
9.649218	-0.51	0.09
9.659183	-0.51	0.10
9.669156	-0.50	0.11
9.679143	-0.54	0.13
9.689064	-0.54	0.12
9.698884	-0.53	0.10
9.708868	-0.53	0.07
9.718753	-0.53	0.06
9.728700	-0.52	0.06
9.738504	-0.51	0.07
9.748468	-0.52	0.07
9.758432	-0.52	0.08
9.768395	-0.52	0.07
9.778343	-0.51	0.08
9.788303	-0.51	0.10
9.798263	-0.51	0.10
9.808205	-0.51	0.10
9.818049	-0.52	0.10
9.828041	-0.52	0.10
9.838023	-0.52	0.10
9.847999	-0.52	0.10
9.857963	-0.52	0.11
9.867980	-0.52	0.11
9.877980	-0.52	0.11
9.887962	-0.52	0.11
9.897943	-0.52	0.12
9.907896	-0.52	0.11
9.918062	-0.51	0.11
9.928028	-0.51	0.11
9.938007	-0.51	0.11
9.947788	-0.51	0.13
9.957732	-0.51	0.16
9.967684	-0.51	0.16
9.977640	-0.51	0.16
9.987598	-0.51	0.16
9.997574	-0.51	0.15
10.007547	-0.51	0.15
10.017348	-0.52	0.15
10.027308	-0.52	0.16
10.037085	-0.52	0.15
10.047094	-0.51	0.16
10.057082	-0.51	0.16
10.067061	-0.52	0.13
10.077026	-0.52	0.13
10.086994	-0.52	0.11
10.096947	-0.51	0.13
10.106905	-0.52	0.13
10.116740	-0.53	0.10
10.126724	-0.53	0.11
10.136710	-0.54	0.10
10.146673	-0.54	0.11
10.156430	-0.53	0.10
10.166602	-0.53	0.10
10.176592	-0.53	0.09
10.186567	-0.53	0.06
10.196316	-0.52	0.03
10.206270	-0.52	0.06
10.216095	-0.52	0.03
10.226050	-0.53	0.03
10.236026	-0.53	-0.00
10.246003	-0.53	0.01
10.255974	-0.53	0.00
10.265938	-0.53	-0.01
10.275901	-0.53	-0.01
10.285858	-0.53	0.00
10.295826	-0.54	0.00
10.305789	-0.54	0.00
10.315633	-0.56	0.03
10.325593	-0.57	0.04
10.335581	-0.55	0.04
10.345558	-0.56	0.05
10.355522	-0.56	0.02
10.365586	-0.55	0.03
10.375576	-0.55	0.06
10.385575	-0.55	0.07
10.395523	-0.55	0.08
10.405494	-0.54	0.08
10.415363	-0.53	0.08
10.425317	-0.53	0.08
10.435119	-0.52	0.07
10.445032	-0.52	0.07
10.455014	-0.53	0.10
10.465011	-0.53	0.07
10.475020	-0.52	0.06
10.485047	-0.52	0.09
10.495006	-0.52	0.08
10.505004	-0.52	0.11
10.514923	-0.52	0.11
10.524881	-0.52	0.10
10.534857	-0.52	0.10
10.544836	-0.52	0.10
10.554798	-0.52	0.12
10.564768	-0.52	0.14
10.574583	-0.52	0.12
10.584511	-0.52	0.12
10.594486	-0.52	0.11
10.604453	-0.52	0.12
10.614345	-0.52	0.13
10.624365	-0.52	0.12
10.634354	-0.50	0.13
10.644309	-0.50	0.13
10.654339	-0.49	0.12
10.664305	-0.49	0.12
10.674312	-0.49	0.09
10.684324	-0.48	0.09
10.694127	-0.49	0.10
10.704035	-0.50	0.12
10.713947	-0.49	0.14
10.723879	-0.50	0.14
10.733864	-0.50	0.14
10.743822	-0.50	0.13
10.753800	-0.51	0.12
10.763771	-0.51	0.12
10.773734	-0.50	0.12
10.783563	-0.49	0.12
10.793459	-0.49	0.11
10.803434	-0.49	0.10
10.813371	-0.49	0.07
10.826149	-0.48	0.06
10.836148	-0.48	0.07
10.846120	-0.49	0.04
10.856116	-0.51	0.06
10.866095	-0.51	0.07
10.876056	-0.51	0.07
10.886016	-0.50	0.08
10.895984	-0.49	0.07
10.905947	-0.49	0.07
10.915831	-0.48	0.07
10.925831	-0.48	0.07
10.935808	-0.47	0.08
10.945596	-0.47	0.11
10.955529	-0.46	0.10
10.965488	-0.46	0.10
10.975474	-0.46	0.07
10.985451	-0.46	0.05
10.995255	-0.47	0.04
11.005209	-0.48	0.04
11.015123	-0.48	0.05
11.025086	-0.47	0.05
11.035080	-0.47	0.05
11.045049	-0.48	0.05
11.055017	-0.51	0.05
11.065027	-0.50	0.06
11.075007	-0.50	0.05
11.085038	-0.50	0.02
11.095000	-0.51	-0.00
11.105001	-0.50	0.02
11.114948	-0.50	0.02
11.124893	-0.50	0.02
11.134875	-0.50	0.05
11.144848	-0.50	0.04
11.154797	-0.50	0.04
11.164756	-0.50	0.05
11.174710	-0.51	0.05
11.184671	-0.50	0.08
11.194477	-0.50	0.09
11.204235	-0.50	0.11
11.214142	-0.49	0.11
11.224062	-0.48	0.13
11.234051	-0.48	0.14
11.244044	-0.48	0.14
11.254023	-0.47	0.16
11.263997	-0.46	0.13
11.274319	-0.46	0.13
11.284304	-0.47	0.12
11.294286	-0.47	0.14
11.304295	-0.47	0.11
11.314285	-0.49	0.11
11.324202	-0.48	0.11
11.334196	-0.48	0.11
11.344166	-0.48	0.10
11.354125	-0.47	0.10
11.364089	-0.48	0.10
11.374049	-0.48	0.11
11.384017	-0.48	0.11
11.393987	-0.48	0.10
11.403952	-0.49	0.13
11.413768	-0.49	0.15
11.423746	-0.49	0.14
11.433740	-0.50	0.16
11.443584	-0.51	0.13
11.453484	-0.51	0.11
11.463430	-0.51	0.09
11.473274	-0.50	0.09
11.483179	-0.50	0.11
11.493163	-0.50	0.08
11.503135	-0.49	0.07
11.513097	-0.50	0.07
11.522978	-0.50	0.07
11.532973	-0.50	0.06
11.542961	-0.50	0.07
11.552944	-0.49	0.07
11.562898	-0.48	0.09
11.572897	-0.48	0.11
11.582865	-0.48	0.11
11.592814	-0.48	0.12
11.602787	-0.49	0.15
11.612763	-0.48	0.14
11.622543	-0.47	0.14
11.632458	-0.47	0.12
11.642442	-0.47	0.12
11.652413	-0.46	0.12
11.662379	-0.46	0.09
11.672351	-0.45	0.11
11.682321	-0.45	0.12
11.692186	-0.45	0.08
11.702053	-0.44	0.11
11.712030	-0.44	0.11
11.721923	-0.44	0.08
11.732203	-0.44	0.09
11.742185	-0.45	0.08
11.752211	-0.44	0.09
11.762186	-0.44	0.09
11.772202	-0.45	0.09
11.782215	-0.47	0.08
11.792174	-0.47	0.06
11.802186	-0.47	0.08
11.812210	-0.47	0.09
11.822128	-0.46	0.08
11.831993	-0.46	0.08
11.841874	-0.45	0.07
11.851853	-0.45	0.07
11.861830	-0.44	0.08
11.871812	-0.44	0.05
11.881774	-0.45	0.06
11.891762	-0.44	0.05
11.901734	-0.45	0.07
11.911699	-0.44	0.06
11.921639	-0.44	0.07
11.931639	-0.44	0.08
11.941520	-0.44	0.08
11.951367	-0.45	0.07
11.961303	-0.45	0.08
11.971245	-0.45	0.08
11.981232	-0.46	0.08
11.991221	-0.47	0.08
12.001197	-0.47	0.08
12.011173	-0.47	0.08
12.021081	-0.46	0.07
12.031051	-0.46	0.07
12.040951	-0.46	0.07
12.050897	-0.46	0.08
12.060870	-0.46	0.07
12.070844	-0.46	0.07
12.080802	-0.46	0.06
12.090747	-0.46	0.06
12.100700	-0.46	0.09
12.110590	-0.46	0.09
12.120455	-0.47	0.08
12.130430	-0.47	0.06
12.140430	-0.47	0.06
12.150418	-0.48	0.06
12.160386	-0.49	0.03
12.170366	-0.48	0.04
12.180609	-0.48	0.01
12.190509	-0.48	0.01
12.200363	-0.48	0.00
12.210368	-0.48	0.01
12.220325	-0.48	0.00
12.230294	-0.49	0.01
12.240268	-0.50	0.00
12.250175	-0.50	-0.00
12.260019	-0.50	0.02
12.269988	-0.50	0.04
12.279964	-0.50	0.03
12.289934	-0.50	0.03
12.299903	-0.53	0.03
12.309874	-0.53	0.03
12.319810	-0.53	0.05
12.329789	-0.54	0.05
12.339781	-0.57	0.05
12.349751	-0.58	0.07
12.359726	-0.59	0.05
12.369704	-0.61	0.05
12.379669	-0.61	0.02
12.389630	-0.60	0.02
12.399608	-0.60	0.02
12.409574	-0.58	0.01
12.419536	-0.59	0.02
12.429515	-0.59	-0.00
12.439423	-0.60	0.00
12.449241	-0.60	0.02
12.459156	-0.60	0.03
12.469002	-0.59	0.03
12.478972	-0.59	0.03
12.488938	-0.59	0.01
12.498915	-0.59	0.00
12.508838	-0.59	0.02
12.518921	-0.58	0.02
12.528894	-0.58	0.00
12.538869	-0.57	-0.00
12.548849	-0.57	0.02
12.558814	-0.57	0.02
12.568788	-0.58	-0.01
12.578757	-0.58	-0.02
12.588744	-0.58	-0.02
12.598706	-0.58	-0.03
12.608672	-0.59	-0.02
12.618626	-0.59	-0.02
12.628859	-0.59	-0.05
12.638867	-0.56	-0.05
12.648847	-0.56	-0.05
12.658832	-0.54	-0.04
12.668764	-0.54	-0.02
12.678576	-0.57	-0.02
12.688522	-0.57	-0.01
12.698325	-0.57	0.01
12.708302	-0.57	0.04
12.718277	-0.60	0.03
12.728263	-0.60	0.04
12.738230	-0.61	0.04
12.748209	-0.60	0.03
12.758168	-0.60	0.04
12.768153	-0.59	0.05
12.778117	-0.59	0.04
12.788083	-0.59	0.05
12.798057	-0.58	0.06
12.808014	-0.59	0.03
12.817969	-0.59	0.03
12.827747	-0.58	0.04
12.837739	-0.58	0.03
12.847720	-0.58	0.02
12.857682	-0.58	0.03
12.867660	-0.58	0.03
12.877610	-0.59	0.03
12.887418	-0.59	0.04
12.897399	-0.60	0.01
12.907351	-0.59	0.01
12.917308	-0.58	0.02
12.927065	-0.57	-0.00
12.937050	-0.56	0.02
12.946820	-0.56	0.02
12.956777	-0.56	0.02
12.966718	-0.56	0.00
12.976686	-0.56	0.01
12.986664	-0.56	0.01
12.996647	-0.56	0.01
13.006601	-0.56	0.02
13.016600	-0.57	0.02
13.026331	-0.57	0.03
13.036306	-0.57	0.04
13.046268	-0.57	0.01
13.056232	-0.57	0.01
13.066205	-0.56	0.01
13.076159	-0.57	0.02
13.086378	-0.56	0.04
13.096129	-0.56	0.04
13.106123	-0.56	0.04
13.116091	-0.55	0.04
13.125858	-0.54	0.05
13.135825	-0.55	0.04
13.145806	-0.55	0.05
13.155773	-0.55	0.05
13.165740	-0.54	0.04
13.175743	-0.54	0.06
13.185710	-0.54	0.04
13.195526	-0.54	0.06
13.205463	-0.53	0.04
13.215439	-0.54	0.01
13.225228	-0.54	0.02
13.235175	-0.54	0.01
13.245166	-0.53	0.03
13.255136	-0.53	0.03
13.265101	-0.54	0.03
13.275080	-0.53	0.03
13.285047	-0.52	0.02
13.294998	-0.53	0.03
13.304834	-0.51	0.04
13.314778	-0.51	0.05
13.324583	-0.50	0.06
13.334534	-0.51	0.09
13.344503	-0.52	0.09
13.354489	-0.52	0.09
13.364450	-0.52	0.06
13.374428	-0.51	0.06
13.384411	-0.51	0.04
13.394398	-0.51	0.04
13.404380	-0.50	0.05
13.414341	-0.51	0.06
13.424161	-0.52	0.06
13.434094	-0.52	0.06
13.443928	-0.51	0.06
13.453825	-0.50	0.06
13.463766	-0.50	0.07
13.473754	-0.51	0.07
13.483739	-0.52	0.08
13.493715	-0.52	0.08
13.503690	-0.51	0.11
13.513504	-0.50	0.08
13.523280	-0.50	0.11
13.533461	-0.49	0.10
13.543436	-0.49	0.10
13.553285	-0.49	0.11
13.563191	-0.50	0.10
13.573173	-0.50	0.09
13.583166	-0.48	0.10
13.593131	-0.48	0.12
13.603095	-0.48	0.10
13.613048	-0.47	0.10
13.622917	-0.47	0.10
13.632805	-0.47	0.10
13.642771	-0.47	0.07
13.652745	-0.48	0.08
13.662722	-0.49	0.09
13.672672	-0.48	0.10
13.682637	-0.49	0.13
13.692502	-0.49	0.13
13.702385	-0.51	0.13
13.712363	-0.51	0.14
13.722213	-0.50	0.13
13.732100	-0.50	0.13
13.742079	-0.50	0.13
13.752050	-0.51	0.14
13.762028	-0.51	0.15
13.771980	-0.52	0.17
13.781970	-0.51	0.17
13.791927	-0.50	0.17
13.801893	-0.51	0.15
13.811875	-0.51	0.15
13.821771	-0.51	0.15
13.831642	-0.51	0.15
13.841626	-0.51	0.15
13.851624	-0.52	0.15
13.861585	-0.51	0.15
13.871561	-0.50	0.15
13.881527	-0.51	0.14
13.891488	-0.50	0.15
13.901508	-0.50	0.14
13.911513	-0.49	0.15
13.921434	-0.49	0.15
13.931196	-0.49	0.14
13.940962	-0.49	0.13
13.950835	-0.49	0.13
13.960774	-0.49	0.13
13.970792	-0.48	0.13
13.980811	-0.48	0.10
13.991050	-0.47	0.08
14.001027	-0.48	0.08
14.011008	-0.48	0.05
14.020946	-0.48	0.02
14.030885	-0.50	0.05
14.040884	-0.51	0.05
14.050856	-0.51	0.05
14.060813	-0.51	0.05
14.070779	-0.50	0.04
14.080735	-0.50	0.04
14.090701	-0.47	0.05
14.100687	-0.48	0.05
14.110635	-0.48	0.07
14.120579	-0.49	0.04
14.130437	-0.50	0.07
14.140355	-0.49	0.04
14.150218	-0.49	0.05
14.160185	-0.49	0.03
14.170166	-0.50	0.05
14.180139	-0.49	0.06
14.190042	-0.51	0.06
14.199872	-0.51	0.06
14.209861	-0.51	0.07
14.219830	-0.51	0.08
14.229653	-0.51	0.08
14.239630	-0.51	0.08
14.249601	-0.51	0.08
14.259574	-0.51	0.10
14.269546	-0.52	0.10
14.279520	-0.52	0.12
14.289477	-0.53	0.13
14.299457	-0.53	0.13
14.309424	-0.53	0.13
14.319392	-0.53	0.12
14.329219	-0.53	0.12
14.339185	-0.53	0.11
14.349136	-0.53	0.11
14.358964	-0.53	0.10
14.368947	-0.53	0.10
14.378903	-0.53	0.09
14.388867	-0.52	0.08
14.398830	-0.53	0.06
14.408800	-0.53	0.05
14.418772	-0.53	0.03
14.428613	-0.52	0.03
14.438817	-0.53	0.00
14.448704	-0.52	-0.01
14.458665	-0.52	-0.01
14.468702	-0.52	0.00
14.478673	-0.52	-0.00
14.488671	-0.53	0.00
14.498636	-0.53	0.00
14.508560	-0.53	0.01
14.518364	-0.53	0.01
14.528207	-0.53	-0.00
14.538175	-0.53	-0.03
14.548142	-0.52	-0.03
14.558080	-0.51	-0.04
14.567865	-0.51	-0.07
14.577841	-0.51	-0.09
14.587815	-0.51	-0.10
14.597603	-0.51	-0.09
14.607583	-0.51	-0.09
14.617557	-0.51	-0.07
14.627398	-0.51	-0.07
14.637393	-0.51	-0.07
14.647354	-0.51	-0.06
14.657325	-0.51	-0.07
14.667284	-0.51	-0.07
14.677268	-0.51	-0.10
14.687266	-0.50	-0.10
14.697041	-0.51	-0.11
14.707029	-0.51	-0.10
14.716985	-0.51	-0.11
14.726827	-0.50	-0.10
14.736805	-0.50	-0.13
14.746773	-0.49	-0.13
14.756736	-0.49	-0.13
14.766699	-0.49	-0.13
14.776443	-0.49	-0.13
14.786598	-0.49	-0.12
14.796563	-0.49	-0.10
14.806579	-0.49	-0.09
14.816558	-0.49	-0.06
14.826404	-0.48	-0.06
14.836365	-0.49	-0.05
14.846337	-0.49	-0.05
14.856284	-0.49	-0.04
14.866598	-0.50	-0.04
14.876385	-0.49	-0.04
14.886341	-0.49	-0.04
14.896466	-0.48	-0.01
14.906763	-0.48	-0.01
14.916737	-0.49	-0.01
14.926661	-0.50	-0.00
14.936649	-0.49	-0.00
14.946401	-0.50	-0.03
14.956328	-0.50	-0.01
14.966278	-0.51	-0.01
14.976244	-0.52	-0.02
14.986019	-0.51	-0.04
14.995977	-0.52	-0.07
15.005936	-0.53	-0.09
15.015913	-0.56	-0.09
15.025796	-0.55	-0.09
15.035818	-0.56	-0.06
15.045817	-0.55	-0.05
15.055783	-0.55	-0.02
15.065759	-0.56	-0.02
15.075530	-0.55	-0.02
15.085490	-0.55	0.00
15.095466	-0.55	-0.00
15.105450	-0.55	-0.01
15.115417	-0.55	-0.03
15.125334	-0.55	-0.06
15.135284	-0.55	-0.03
15.145264	-0.56	-0.03
15.155222	-0.56	-0.06
15.165194	-0.57	-0.06
15.175151	-0.57	-0.08
15.185138	-0.55	-0.08
15.194935	-0.55	-0.08
15.204873	-0.55	-0.05
15.214855	-0.55	-0.05
15.224780	-0.56	-0.05
15.234715	-0.56	-0.05
15.244671	-0.55	-0.05
15.254643	-0.55	-0.02
15.264630	-0.55	-0.03
15.274594	-0.54	-0.02
15.284560	-0.55	-0.02
15.294528	-0.55	-0.03
15.304495	-0.55	-0.05
15.314450	-0.55	-0.02
15.324394	-0.56	-0.01
15.334418	-0.56	-0.01
15.344676	-0.56	-0.02
15.354653	-0.56	-0.02
15.364637	-0.55	-0.02
15.374612	-0.55	0.00
15.384581	-0.54	-0.02
15.394560	-0.54	-0.02
15.404356	-0.54	-0.02
15.414456	-0.54	-0.03
15.424417	-0.54	-0.02
15.434409	-0.54	-0.02
15.444245	-0.54	0.01
15.454152	-0.55	0.03
15.464090	-0.54	0.03
15.474072	-0.54	0.02
15.484051	-0.53	0.02
15.494023	-0.53	0.04
15.503994	-0.53	0.05
15.513964	-0.53	0.04
15.523913	-0.54	0.04
15.533836	-0.54	0.04
15.543809	-0.53	0.03
15.553798	-0.53	0.04
15.563765	-0.54	0.05
15.573735	-0.53	0.05
15.583723	-0.53	0.05
15.593698	-0.53	0.08
15.603671	-0.53	0.08
15.613487	-0.52	0.07
15.623400	-0.52	0.07
15.633178	-0.53	0.07
15.643149	-0.53	0.09
15.653122	-0.53	0.09
15.663102	-0.53	0.10
15.673077	-0.53	0.10
15.683047	-0.53	0.10
15.692892	-0.54	0.11
15.702767	-0.53	0.13
15.712736	-0.53	0.13
15.722707	-0.54	0.14
15.732633	-0.55	0.13
15.742602	-0.54	0.12
15.752587	-0.55	0.13
15.762560	-0.55	0.11
15.772535	-0.55	0.10
15.782509	-0.56	0.10
15.792478	-0.56	0.10
15.802738	-0.56	0.12
15.812708	-0.54	0.14
15.822563	-0.55	0.14
15.832453	-0.55	0.14
15.842410	-0.55	0.15
15.852363	-0.56	0.15
15.862303	-0.56	0.17
15.872293	-0.57	0.18
15.882259	-0.57	0.19
15.892235	-0.57	0.19
15.902205	-0.57	0.18
15.912229	-0.56	0.17
15.922203	-0.55	0.19
15.932123	-0.55	0.20
15.942001	-0.55	0.20
15.951871	-0.55	0.20
15.961800	-0.55	0.20
15.971848	-0.55	0.20
15.981814	-0.55	0.20
15.991774	-0.55	0.18
16.001751	-0.54	0.18
16.011750	-0.53	0.17
16.021714	-0.56	0.14
16.031540	-0.56	0.11
16.041400	-0.55	0.12
16.051398	-0.55	0.14
16.061372	-0.56	0.13
16.071366	-0.54	0.12
16.081328	-0.54	0.11
16.091285	-0.53	0.12
16.101264	-0.52	0.11
16.111213	-0.52	0.11
16.121189	-0.52	0.11
16.131109	-0.52	0.11
16.141080	-0.52	0.12
16.151063	-0.52	0.11
16.161058	-0.52	0.11
16.171014	-0.51	0.11
16.180974	-0.51	0.12
16.190859	-0.50	0.13
16.200701	-0.50	0.12
16.210673	-0.51	0.12
16.220644	-0.51	0.12
16.230576	-0.52	0.12
16.240487	-0.52	0.11
16.253265	-0.53	0.14
16.263265	-0.53	0.13
16.273111	-0.53	0.12
16.283148	-0.53	0.12
16.293135	-0.53	0.12
16.303109	-0.52	0.12
16.313095	-0.52	0.14
16.323059	-0.52	0.11
16.333018	-0.51	0.11
16.342996	-0.51	0.11
16.352988	-0.51	0.12
16.362948	-0.50	0.13
16.372927	-0.51	0.13
16.382952	-0.51	0.12
16.392920	-0.49	0.12
16.402933	-0.49	0.13
16.412904	-0.49	0.13
16.422912	-0.49	0.13
16.432997	-0.49	0.16
16.442869	-0.49	0.16
16.452629	-0.49	0.16
16.462495	-0.50	0.17
16.472473	-0.49	0.17
16.482452	-0.49	0.19
16.492411	-0.50	0.19
16.502397	-0.50	0.19
16.512249	-0.50	0.19
16.522111	-0.50	0.18
16.532076	-0.49	0.20
16.542042	-0.50	0.22
16.552028	-0.51	0.22
16.562000	-0.52	0.22
16.571960	-0.53	0.18
16.581940	-0.52	0.15
16.591907	-0.52	0.15
16.601879	-0.52	0.16
16.611836	-0.51	0.16
16.621804	-0.51	0.15
16.631666	-0.51	0.15
16.641589	-0.51	0.16
16.651569	-0.51	0.16
16.661451	-0.50	0.16
16.671223	-0.48	0.16
16.681111	-0.49	0.14
16.691008	-0.49	0.14
16.701176	-0.49	0.14
16.711146	-0.49	0.11
16.721128	-0.49	0.14
16.731002	-0.50	0.16
16.740903	-0.50	0.17
16.750885	-0.50	0.17
16.760857	-0.49	0.18
16.770828	-0.49	0.17
16.780790	-0.49	0.17
16.790745	-0.49	0.16
16.800712	-0.49	0.16
16.810680	-0.49	0.14
16.820661	-0.49	0.17
16.830557	-0.50	0.16
16.840397	-0.50	0.16
16.850378	-0.50	0.15
16.860362	-0.51	0.17
16.870265	-0.51	0.14
16.880225	-0.51	0.14
16.890189	-0.52	0.14
16.900161	-0.52	0.14
16.910127	-0.51	0.13
16.920087	-0.51	0.12
16.929982	-0.52	0.10
16.939756	-0.52	0.10
16.949610	-0.51	0.11
16.959562	-0.51	0.13
16.969526	-0.50	0.13
16.979474	-0.51	0.13
16.989535	-0.52	0.10
16.999510	-0.52	0.12
17.009476	-0.51	0.11
17.019457	-0.51	0.11
17.029378	-0.51	0.11
17.039186	-0.52	0.11
17.049161	-0.52	0.11
17.059133	-0.53	0.10
17.069103	-0.53	0.10
17.079032	-0.53	0.10
17.088855	-0.53	0.10
17.098840	-0.53	0.09
17.108821	-0.53	0.10
17.118802	-0.53	0.09
17.128741	-0.53	0.12
17.138522	-0.52	0.09
17.148494	-0.52	0.09
17.158749	-0.53	0.09
17.168714	-0.53	0.08
17.178682	-0.52	0.07
17.188653	-0.52	0.07
17.198469	-0.52	0.04
17.208446	-0.53	0.04
17.218425	-0.53	0.06
17.228411	-0.52	0.08
17.238214	-0.52	0.09
17.248182	-0.51	0.08
17.258137	-0.51	0.09
17.268111	-0.51	0.09
17.278074	-0.52	0.09
17.288034	-0.53	0.08
17.297808	-0.53	0.09
17.307783	-0.54	0.10
17.317747	-0.54	0.08
17.327726	-0.54	0.09
17.337512	-0.53	0.09
17.347497	-0.53	0.10
17.357462	-0.53	0.11
17.367440	-0.54	0.13
17.377421	-0.54	0.13
17.387399	-0.54	0.11
17.397365	-0.54	0.11
17.407338	-0.54	0.08
17.417304	-0.55	0.08
17.427273	-0.54	0.09
17.437034	-0.54	0.09
17.446803	-0.52	0.08
17.456728	-0.52	0.06
17.466682	-0.52	0.06
17.476648	-0.52	0.06
17.486614	-0.52	0.06
17.496566	-0.52	0.06
17.506317	-0.51	0.03
17.516291	-0.51	0.03
17.526255	-0.50	0.05
17.536054	-0.49	0.05
17.546012	-0.49	0.08
17.555979	-0.48	0.08
17.565960	-0.49	0.05
17.575916	-0.49	0.05
17.585876	-0.47	0.05
17.595821	-0.48	0.08
17.606045	-0.47	0.08
17.616021	-0.48	0.08
17.625993	-0.48	0.08
17.635801	-0.49	0.11
17.645840	-0.49	0.12
17.655826	-0.49	0.09
17.665799	-0.50	0.10
17.675774	-0.51	0.10
17.685747	-0.50	0.07
17.695567	-0.51	0.08
17.705518	-0.50	0.07
17.715323	-0.50	0.05
17.725328	-0.50	0.03
17.735179	-0.50	0.03
17.745140	-0.50	0.02
17.755108	-0.50	0.04
17.765077	-0.50	0.04
17.775044	-0.50	0.05
17.785029	-0.50	0.06
17.795033	-0.51	0.08
17.805062	-0.52	0.10
17.815044	-0.53	0.08
17.825047	-0.53	0.07
17.834934	-0.53	0.07
17.844869	-0.54	0.08
17.854843	-0.53	0.08
17.864810	-0.52	0.08
17.874781	-0.51	0.09
17.884756	-0.52	0.09
17.894722	-0.53	0.10
17.904699	-0.53	0.10
17.914662	-0.52	0.07
17.924469	-0.52	0.04
17.934336	-0.52	0.03
17.944117	-0.51	0.03
17.954038	-0.50	0.04
17.963970	-0.49	0.05
17.973950	-0.49	0.04
17.983931	-0.49	0.04
17.993886	-0.49	0.04
18.003860	-0.48	0.05
18.013805	-0.47	0.04
18.023764	-0.47	0.05
18.033662	-0.47	0.07
18.043565	-0.47	0.08
18.053547	-0.47	0.08
18.063806	-0.48	0.07
18.073785	-0.48	0.08
18.083778	-0.49	0.08
18.093737	-0.50	0.08
18.103721	-0.49	0.07
18.113686	-0.50	0.07
18.123667	-0.50	0.06
18.133477	-0.51	0.06
18.143405	-0.52	0.06
18.153387	-0.51	0.04
18.163364	-0.52	0.05
18.173327	-0.52	0.03
18.183287	-0.52	0.01
18.193139	-0.52	0.03
18.203039	-0.53	0.01
18.212995	-0.52	0.03
18.222952	-0.53	0.03
18.232859	-0.52	0.02
18.242757	-0.53	0.02
18.252725	-0.53	0.02
18.262702	-0.53	0.02
18.272663	-0.53	0.05
18.282623	-0.53	0.04
18.292592	-0.53	0.04
18.302566	-0.52	0.04
18.312538	-0.52	0.03
18.322508	-0.52	0.03
18.332433	-0.52	0.02
18.342203	-0.51	0.02
18.351968	-0.52	0.05
18.361868	-0.53	0.02
18.371858	-0.52	0.02
18.381836	-0.52	0.03
18.391820	-0.52	0.03
18.401789	-0.50	0.03
18.411763	-0.51	0.04
18.421739	-0.51	0.04
18.431687	-0.51	0.04
18.441512	-0.50	0.06
18.451364	-0.50	0.05
18.461290	-0.49	0.03
18.471264	-0.49	0.00
18.481253	-0.49	0.01
18.491213	-0.50	0.02
18.501187	-0.49	0.04
18.511425	-0.51	0.04
18.521408	-0.50	0.05
18.531401	-0.50	0.07
18.541253	-0.51	0.07
18.551161	-0.52	0.07
18.561032	-0.51	0.06
18.571017	-0.51	0.04
18.580972	-0.51	0.06
18.590914	-0.50	0.05
18.600865	-0.50	0.05
18.610794	-0.50	0.07
18.620750	-0.51	0.08
18.630708	-0.50	0.07
18.640603	-0.49	0.07
18.650581	-0.48	0.07
18.660558	-0.49	0.08
18.670538	-0.49	0.08
18.680508	-0.49	0.10
18.690410	-0.48	0.07
18.700251	-0.48	0.08
18.710233	-0.49	0.08
18.720203	-0.49	0.07
18.730179	-0.49	0.09
18.740042	-0.49	0.08
18.749973	-0.48	0.11
18.759727	-0.49	0.08
18.769579	-0.48	0.06
18.779560	-0.48	0.09
18.789541	-0.47	0.06
18.799521	-0.47	0.08
18.809501	-0.47	0.07
18.819469	-0.47	0.06
18.829439	-0.47	0.06
18.839296	-0.47	0.06
18.849269	-0.47	0.06
18.859228	-0.51	0.04
18.869206	-0.51	0.06
18.879174	-0.51	0.08
18.889130	-0.51	0.11
18.899094	-0.51	0.11
18.909070	-0.50	0.13
18.919036	-0.51	0.13
18.928983	-0.51	0.13
18.938808	-0.50	0.13
18.948616	-0.51	0.13
18.958543	-0.52	0.13
18.968728	-0.51	0.13
18.978547	-0.50	0.10
18.988531	-0.50	0.12
18.998507	-0.50	0.12
19.008472	-0.51	0.13
19.018447	-0.51	0.13
19.028429	-0.51	0.13
19.038307	-0.52	0.12
19.048293	-0.52	0.12
19.058280	-0.52	0.11
19.068257	-0.53	0.11
19.078216	-0.53	0.08
19.088184	-0.53	0.06
19.098141	-0.54	0.06
19.108089	-0.54	0.03
19.118074	-0.55	0.04
19.128036	-0.54	0.03
19.137921	-0.54	0.03
19.147907	-0.55	0.04
19.157877	-0.54	0.04
19.167842	-0.54	0.04
19.177811	-0.54	0.04
19.187568	-0.53	0.03
19.197370	-0.53	0.03
19.207345	-0.53	0.03
19.217314	-0.54	0.02
19.227275	-0.54	0.05
19.237148	-0.53	0.06
19.247132	-0.53	0.04
19.257097	-0.53	0.04
19.267078	-0.52	0.05
19.277048	-0.52	0.05
19.287022	-0.52	0.03
19.297005	-0.52	0.02
19.306970	-0.53	0.02
19.316941	-0.52	0.03
19.326884	-0.53	0.03
19.336769	-0.53	0.03
19.346742	-0.53	0.04
19.356706	-0.53	0.02
19.366683	-0.53	-0.00
19.376659	-0.53	-0.01
19.386615	-0.52	-0.00
19.396365	-0.52	-0.00
19.406331	-0.52	0.01
19.416671	-0.56	0.00
19.426654	-0.56	0.00
19.436655	-0.56	0.01
19.446410	-0.56	0.00
19.456337	-0.56	0.01
19.466343	-0.55	0.01
19.476144	-0.56	0.02
19.486098	-0.56	0.03
19.496077	-0.56	0.03
19.506029	-0.55	-0.00
19.516004	-0.55	0.00
19.525961	-0.56	-0.01
19.535868	-0.56	0.02
19.545836	-0.56	0.01
19.555809	-0.56	0.02
19.565788	-0.56	0.02
19.575754	-0.57	0.02
19.585768	-0.56	0.02
19.595728	-0.56	-0.00
19.605547	-0.55	-0.01
19.615514	-0.56	0.02
19.625486	-0.57	0.04
19.635409	-0.57	0.05
19.645374	-0.58	0.06
19.655348	-0.57	0.03
19.665310	-0.56	0.03
19.675308	-0.55	0.04
19.685278	-0.56	0.04
19.695076	-0.55	0.05
19.705071	-0.55	0.05
19.715032	-0.55	0.02
19.725050	-0.55	0.04
19.735013	-0.55	0.05
19.744954	-0.55	0.06
19.754914	-0.55	0.04
19.764873	-0.56	0.04
19.774858	-0.52	0.03
19.784843	-0.56	0.03
19.794654	-0.58	0.04
19.804577	-0.59	0.03
19.814393	-0.60	0.04
19.824440	-0.59	0.03
19.834409	-0.60	0.01
19.844422	-0.60	0.03
19.854415	-0.59	0.04
19.864367	-0.59	0.01
19.874626	-0.59	0.02
19.884621	-0.60	0.01
19.894594	-0.60	0.01
19.904552	-0.58	0.02
19.914511	-0.57	-0.02
19.924487	-0.57	-0.05
19.934451	-0.56	-0.03
19.944278	-0.55	-0.02
19.954208	-0.55	-0.02
19.964121	-0.55	-0.05
19.974099	-0.56	-0.04
19.984074	-0.55	-0.07
19.994041	-0.55	-0.07
20.004013	-0.55	-0.06
20.013988	-0.55	-0.07
20.023812	-0.55	-0.09
20.033767	-0.55	-0.09
20.043729	-0.54	-0.08
20.053705	-0.55	-0.08
20.063666	-0.53	-0.06
20.073644	-0.53	-0.03
20.083663	-0.52	-0.03
20.093611	-0.53	-0.02
20.103587	-0.53	-0.01
20.113413	-0.53	-0.02
20.123336	-0.53	-0.03
20.133333	-0.53	-0.03
20.143262	-0.53	-0.03
20.153243	-0.52	-0.02
20.163224	-0.51	-0.05
20.173200	-0.52	-0.04
20.183174	-0.52	-0.03
20.193007	-0.52	-0.03
20.202963	-0.51	-0.05
20.212940	-0.51	-0.05
20.222917	-0.50	-0.04
20.232791	-0.50	-0.03
20.242690	-0.51	-0.06
20.252658	-0.49	-0.06
20.262636	-0.50	-0.05
20.272610	-0.52	-0.06
20.282587	-0.51	-0.06
20.292561	-0.51	-0.05
20.302528	-0.52	-0.07
20.312507	-0.51	-0.06
20.322743	-0.51	-0.05
20.332737	-0.51	-0.05
20.342644	-0.51	-0.04
20.352629	-0.50	-0.03
20.362600	-0.49	-0.03
20.372572	-0.49	-0.04
20.382546	-0.49	-0.04
20.392527	-0.49	-0.04
20.402517	-0.49	-0.02
20.412501	-0.49	-0.04
20.422472	-0.49	-0.05
20.432324	-0.49	-0.05
20.442366	-0.49	-0.07
20.452357	-0.48	-0.06
20.462289	-0.48	-0.06
20.472275	-0.48	-0.05
20.482263	-0.48	-0.05
20.492222	-0.49	-0.07
20.502238	-0.49	-0.04
20.512237	-0.49	-0.07
20.522233	-0.49	-0.08
20.532245	-0.50	-0.08
20.542157	-0.49	-0.08
20.552142	-0.49	-0.09
20.562103	-0.50	-0.06
20.572082	-0.50	-0.06
20.582085	-0.50	-0.05
20.592052	-0.50	-0.05
20.602029	-0.51	-0.04
20.612001	-0.50	-0.02
20.621965	-0.51	-0.01
20.631918	-0.51	-0.00
20.641857	-0.50	-0.00
20.651745	-0.48	0.01
20.661649	-0.47	0.01
20.671648	-0.47	0.00
20.681600	-0.48	-0.00
20.691480	-0.48	-0.02
20.701337	-0.48	0.01
20.711306	-0.48	-0.01
20.721258	-0.49	0.02
20.731207	-0.49	0.04
20.741159	-0.49	0.05
20.751133	-0.49	0.02
20.761108	-0.51	0.03
20.771100	-0.50	0.03
20.781374	-0.51	0.01
20.791351	-0.51	0.00
20.801321	-0.51	0.01
20.811298	-0.51	0.01
20.821271	-0.51	0.00
20.831166	-0.50	-0.02
20.841077	-0.51	-0.02
20.851057	-0.52	-0.03
20.860922	-0.51	-0.03
20.870774	-0.51	-0.02
20.880744	-0.51	-0.02
20.890714	-0.51	-0.02
20.900703	-0.50	-0.00
20.910978	-0.50	0.00
20.920911	-0.50	0.00
20.930799	-0.49	0.01
20.940572	-0.50	0.01
20.950419	-0.51	0.01
20.960355	-0.50	0.02
20.970302	-0.52	0.03
20.980301	-0.52	0.03
20.990271	-0.52	0.02
21.000246	-0.50	0.01
21.010208	-0.50	0.01
21.020193	-0.51	0.01
21.030154	-0.51	-0.00
21.040216	-0.52	0.01
21.050188	-0.52	0.03
21.060147	-0.52	0.00
21.070056	-0.52	0.01
21.079890	-0.50	0.04
21.089868	-0.52	0.03
21.099845	-0.51	0.04
21.109813	-0.51	0.03
21.119773	-0.51	0.03
21.129731	-0.50	0.04
21.139702	-0.49	0.04
21.149685	-0.49	0.05
21.159663	-0.49	0.05
21.169636	-0.50	0.04
21.179605	-0.50	0.03
21.189522	-0.51	0.03
21.199326	-0.51	0.01
21.209310	-0.51	0.04
21.219276	-0.52	0.04
21.229566	-0.53	0.06
21.239490	-0.52	0.07
21.249313	-0.52	0.10
21.259291	-0.52	0.07
21.269258	-0.53	0.05
21.279199	-0.53	0.08
21.289020	-0.53	0.08
21.299001	-0.52	0.06
21.308984	-0.52	0.08
21.318967	-0.52	0.06
21.328936	-0.52	0.05
21.338865	-0.52	0.05
21.348656	-0.51	0.05
21.358625	-0.52	0.05
21.368598	-0.52	0.05
21.378568	-0.52	0.05
21.388541	-0.53	0.06
21.398502	-0.53	0.03
21.408480	-0.53	0.06
21.418453	-0.52	0.06
21.428428	-0.53	0.06
21.438373	-0.53	0.09
21.448153	-0.52	0.09
21.458080	-0.51	0.11
21.468014	-0.50	0.11
21.477993	-0.50	0.10
21.487982	-0.50	0.10
21.497769	-0.50	0.08
21.507731	-0.50	0.08
21.517699	-0.49	0.06
21.527667	-0.49	0.06
21.537644	-0.49	0.06
21.547435	-0.48	0.06
21.557394	-0.48	0.04
21.567353	-0.49	0.04
21.577319	-0.49	0.04
21.587298	-0.48	0.04
21.597304	-0.47	0.04
21.607313	-0.47	0.03
21.617324	-0.47	0.03
21.627293	-0.50	0.03
21.637302	-0.50	0.02
21.647081	-0.51	0.02
21.657066	-0.50	0.02
21.667026	-0.51	-0.01
21.677004	-0.52	-0.01
21.690686	-0.51	0.01
21.700499	-0.52	0.02
21.710352	-0.52	0.02
21.720324	-0.52	0.02
21.730300	-0.51	0.03
21.740236	-0.51	0.01
21.750062	-0.52	0.00
21.760034	-0.52	-0.02
21.770011	-0.52	-0.03
21.779994	-0.53	-0.05
21.789969	-0.53	-0.06
21.799932	-0.52	-0.06
21.809899	-0.53	-0.06
21.819864	-0.53	-0.03
21.829847	-0.54	-0.06
21.839797	-0.54	-0.03
21.849626	-0.54	-0.03
21.859605	-0.54	-0.03
21.869518	-0.55	-0.03
21.879349	-0.55	-0.03
21.889294	-0.55	-0.02
21.899222	-0.54	-0.04
21.909148	-0.54	-0.06
21.918982	-0.54	-0.04
21.928965	-0.55	-0.01
21.938906	-0.54	0.02
21.948803	-0.55	0.02
21.958739	-0.55	0.02
21.968721	-0.55	0.03
21.978711	-0.54	0.02
21.988717	-0.54	0.03
21.998726	-0.55	0.03
22.008719	-0.55	-0.00
22.018716	-0.55	0.00
22.028727	-0.54	-0.01
22.038683	-0.54	-0.00
22.048503	-0.53	-0.00
22.058482	-0.53	-0.00
22.068450	-0.53	0.00
22.078414	-0.53	0.00
22.088386	-0.53	-0.02
22.098348	-0.53	-0.02
22.108318	-0.54	-0.04
22.118267	-0.53	-0.04
22.128132	-0.53	-0.03
22.138399	-0.53	-0.02
22.148232	-0.53	-0.01
22.158208	-0.53	-0.02
22.168169	-0.53	-0.01
22.178148	-0.52	-0.01
22.188091	-0.52	-0.00
22.197881	-0.52	-0.01
22.207838	-0.52	-0.00
22.217799	-0.52	0.00
22.227777	-0.52	-0.00
22.237747	-0.52	-0.02
22.247570	-0.52	-0.03
22.257570	-0.52	-0.05
22.267560	-0.51	-0.06
22.277540	-0.51	-0.08
22.287526	-0.51	-0.08
22.297485	-0.51	-0.08
22.307462	-0.51	-0.09
22.317427	-0.51	-0.09
22.327384	-0.51	-0.06
22.337156	-0.51	-0.06
22.346993	-0.54	-0.04
22.356982	-0.54	-0.05
22.366939	-0.53	-0.04
22.376910	-0.53	-0.02
22.386892	-0.55	-0.02
22.396849	-0.54	-0.01
22.406841	-0.51	-0.01
22.416805	-0.50	-0.03
22.426767	-0.49	-0.03
22.436737	-0.49	-0.03
22.446482	-0.49	-0.03
22.456596	-0.49	-0.01
22.466523	-0.48	-0.01
22.476528	-0.49	-0.03
22.486615	-0.50	-0.03
22.496586	-0.49	-0.05
22.506598	-0.49	-0.07
22.516351	-0.52	-0.07
22.526323	-0.52	-0.07
22.536318	-0.52	-0.07
22.546097	-0.52	-0.06
22.556060	-0.51	-0.06
22.566048	-0.51	-0.07
22.576014	-0.51	-0.06
22.585995	-0.51	-0.03
22.596274	-0.52	-0.04
22.606237	-0.52	-0.03
22.616207	-0.52	-0.03
22.626160	-0.52	-0.03
22.636128	-0.52	-0.03
22.645994	-0.52	-0.02
22.655948	-0.52	-0.02
22.665928	-0.52	-0.04
22.675890	-0.53	-0.03
22.685867	-0.53	-0.03
22.695644	-0.54	-0.05
22.705583	-0.54	-0.06
22.715564	-0.54	-0.06
22.725520	-0.54	-0.06
22.735501	-0.55	-0.08
22.745391	-0.55	-0.08
22.755152	-0.56	-0.05
22.765179	-0.55	-0.05
22.775153	-0.55	-0.05
22.785134	-0.55	-0.04
22.795132	-0.55	-0.03
22.805120	-0.55	-0.04
22.815086	-0.55	-0.04
22.825046	-0.55	-0.02
22.835061	-0.55	-0.03
22.844952	-0.55	-0.02
22.854887	-0.55	-0.03
22.864853	-0.55	-0.02
22.874809	-0.56	-0.03
22.884777	-0.55	-0.03
22.894758	-0.54	-0.03
22.904743	-0.54	-0.05
22.914558	-0.54	-0.03
22.924556	-0.54	-0.05
22.934533	-0.54	-0.05
22.944328	-0.54	-0.02
22.954239	-0.55	-0.03
22.964063	-0.54	-0.00
22.973998	-0.53	-0.03
22.983985	-0.52	-0.00
22.993968	-0.52	0.02
23.003948	-0.52	0.02
23.013935	-0.52	0.02
23.023885	-0.52	0.01
23.033874	-0.52	0.02
23.044082	-0.52	-0.00
23.054026	-0.52	-0.03
23.064002	-0.52	-0.02
23.073953	-0.52	-0.02
23.083947	-0.52	-0.03
23.093916	-0.52	-0.04
23.103891	-0.52	-0.03
23.113861	-0.51	-0.03
23.123825	-0.51	-0.03
23.133792	-0.50	-0.03
23.143749	-0.50	-0.03
23.153746	-0.50	-0.04
23.163709	-0.50	-0.04
23.173530	-0.51	-0.01
23.183443	-0.51	-0.04
23.193292	-0.51	-0.01
23.203208	-0.51	-0.01
23.213208	-0.52	-0.00
23.223171	-0.52	-0.03
23.233146	-0.53	-0.03
23.243109	-0.52	-0.03
23.253040	-0.53	-0.02
23.263016	-0.52	-0.01
23.272973	-0.52	-0.00
23.282949	-0.52	0.00
23.293003	-0.52	-0.00
23.302984	-0.52	0.00
23.312954	-0.53	0.03
23.322964	-0.53	0.02
23.332939	-0.53	0.02
23.342950	-0.53	0.02
23.352840	-0.52	0.00
23.362821	-0.52	0.00
23.372808	-0.51	-0.03
23.382669	-0.50	-0.02
23.392571	-0.50	-0.02
23.402549	-0.50	0.01
23.412536	-0.49	0.01
23.422507	-0.48	0.04
23.432476	-0.49	0.06
23.442331	-0.48	0.06
23.452329	-0.48	0.06
23.462259	-0.48	0.06
23.472293	-0.48	0.05
23.482274	-0.47	0.07
23.492276	-0.48	0.04
23.502522	-0.46	0.04
23.512504	-0.47	0.03
23.522486	-0.46	0.00
23.532438	-0.47	0.01
23.542405	-0.46	0.01
23.552333	-0.47	0.03
23.562288	-0.48	0.05
23.572261	-0.48	0.07
23.582237	-0.49	0.09
23.592156	-0.50	0.10
23.602043	-0.50	0.11
23.612008	-0.49	0.08
23.621971	-0.49	0.08
23.631934	-0.49	0.08
23.641904	-0.49	0.08
23.651806	-0.49	0.07
23.661798	-0.48	0.07
23.671758	-0.48	0.06
23.681725	-0.48	0.07
23.691600	-0.49	0.04
23.701468	-0.50	0.05
23.711446	-0.48	0.03
23.721419	-0.49	0.03
23.731393	-0.49	0.01
23.741353	-0.49	0.02
23.751262	-0.49	0.02
23.761230	-0.47	0.02
23.771193	-0.47	0.01
23.781154	-0.47	0.01
23.791125	-0.47	0.01
23.801021	-0.47	0.03
23.810950	-0.47	0.02
23.820922	-0.48	0.02
23.830891	-0.48	0.04
23.840867	-0.49	0.05
23.850776	-0.50	0.02
23.860758	-0.49	0.01
23.870726	-0.49	0.01
23.880696	-0.48	0.01
23.890688	-0.48	0.02
23.900657	-0.50	0.01
23.910632	-0.49	0.02
23.920606	-0.50	0.03
23.930590	-0.51	0.00
23.940488	-0.51	0.00
23.950514	-0.51	0.03
23.960362	-0.51	0.02
23.970337	-0.51	0.04
23.980325	-0.50	0.04
23.990299	-0.49	0.05
24.000268	-0.50	0.05
24.010157	-0.49	0.05
24.019993	-0.50	0.07
24.029959	-0.50	0.08
24.039927	-0.49	0.09
24.049844	-0.48	0.09
24.059825	-0.47	0.09
24.069785	-0.46	0.11
24.079759	-0.47	0.11
24.089742	-0.47	0.11
24.099720	-0.47	0.12
24.109697	-0.47	0.11
24.119642	-0.50	0.10
24.129599	-0.50	0.09
24.139543	-0.51	0.08
24.149526	-0.51	0.07
24.159498	-0.51	0.09
24.169467	-0.50	0.11
24.179427	-0.51	0.13
24.189384	-0.51	0.15
24.199219	-0.51	0.16
24.209188	-0.51	0.15
24.219113	-0.50	0.17
24.228926	-0.50	0.14
24.238916	-0.50	0.12
24.248860	-0.50	0.12
24.258819	-0.50	0.12
24.268789	-0.51	0.11
24.278750	-0.52	0.11
24.288722	-0.52	0.10
24.298723	-0.53	0.11
24.308724	-0.53	0.08
24.318739	-0.54	0.09
24.328747	-0.53	0.06
24.338741	-0.52	0.06
24.348808	-0.52	0.06
24.358774	-0.53	0.07
24.368747	-0.53	0.05
24.378719	-0.53	0.05
24.388750	-0.53	0.04
24.398742	-0.57	0.05
24.408999	-0.57	0.04
24.418971	-0.57	0.04
24.428898	-0.57	0.04
24.438800	-0.57	0.03
24.448612	-0.57	0.04
24.458558	-0.56	0.04
24.468507	-0.57	0.06
24.478475	-0.57	0.06
24.488444	-0.57	0.04
24.498423	-0.57	0.01
24.508396	-0.57	0.01
24.518355	-0.57	0.01
24.528309	-0.57	0.02
24.538281	-0.56	0.01
24.548263	-0.57	0.02
24.558256	-0.56	-0.01
24.568219	-0.56	-0.00
24.578192	-0.56	0.01
24.588142	-0.55	-0.01
24.597940	-0.55	-0.01
24.607921	-0.56	-0.04
24.617894	-0.55	-0.03
24.627856	-0.55	-0.03
24.637824	-0.55	-0.02
24.647608	-0.56	-0.01
24.657595	-0.56	-0.01
24.667565	-0.56	-0.01
24.677532	-0.56	-0.01
24.687494	-0.57	-0.04
24.697252	-0.56	-0.06
24.707231	-0.55	-0.08
24.717211	-0.55	-0.08
24.727167	-0.54	-0.05
24.737143	-0.54	-0.07
24.747094	-0.54	-0.04
24.757076	-0.54	-0.05
24.767050	-0.52	-0.04
24.777022	-0.52	-0.04
24.786991	-0.51	-0.04
24.796951	-0.52	-0.04
24.806921	-0.52	-0.01
24.816885	-0.52	-0.04
24.826851	-0.52	-0.06
24.836820	-0.52	-0.05
24.846792	-0.52	-0.04
24.856841	-0.53	-0.03
24.866830	-0.53	-0.02
24.876804	-0.53	-0.01
24.886779	-0.52	-0.02
24.896743	-0.53	-0.01
24.906707	-0.53	0.00
24.916678	-0.54	0.01
24.926650	-0.53	0.01
24.936625	-0.53	0.00
24.946362	-0.53	-0.01
24.956115	-0.53	-0.02
24.966027	-0.53	0.01
24.976017	-0.52	0.01
24.985985	-0.53	0.02
24.995761	-0.53	0.03
25.005707	-0.53	0.03
25.015680	-0.53	0.03
25.025657	-0.52	0.03
25.035635	-0.52	0.03
25.045605	-0.52	0.04
25.055415	-0.52	0.03
25.065180	-0.52	0.03
25.075176	-0.52	0.03
25.085153	-0.52	0.04
25.095133	-0.53	0.04
25.105123	-0.51	0.04
25.115088	-0.51	0.04
25.125052	-0.52	0.02
25.135065	-0.51	0.01
25.145112	-0.50	0.04
25.154906	-0.50	0.04
25.164849	-0.49	0.04
25.174820	-0.50	0.04
25.184796	-0.51	0.03
25.194605	-0.50	0.03
25.204538	-0.50	0.03
25.214501	-0.51	0.01
25.224466	-0.51	0.00
25.234433	-0.51	0.01
25.244416	-0.50	-0.02
25.254223	-0.50	-0.04
25.264141	-0.50	-0.03
25.273978	-0.50	-0.03
25.283925	-0.51	-0.05
25.293919	-0.50	-0.02
25.303903	-0.51	-0.01
25.314141	-0.50	-0.01
25.324120	-0.51	-0.00
25.334094	-0.51	0.00
25.344060	-0.52	-0.01
25.353889	-0.52	-0.03
25.363802	-0.52	-0.02
25.373796	-0.52	-0.03
25.383770	-0.52	-0.03
25.393739	-0.52	-0.00
25.403714	-0.51	-0.00
25.413677	-0.51	-0.01
25.423656	-0.50	-0.01
25.433683	-0.50	-0.01
25.443509	-0.51	0.01
25.453285	-0.51	0.02
25.463159	-0.51	0.02
25.473005	-0.51	0.02
25.482835	-0.51	0.03
25.492734	-0.52	0.02
25.502700	-0.52	0.03
25.512666	-0.52	0.02
25.522630	-0.52	-0.01
25.532610	-0.52	-0.01
25.542593	-0.52	0.02
25.552472	-0.51	0.02
25.562357	-0.52	-0.01
25.572321	-0.52	-0.04
25.582294	-0.51	-0.02
25.592288	-0.51	-0.00
25.602264	-0.52	-0.00
25.612271	-0.52	0.00
25.622231	-0.52	0.01
25.632243	-0.52	0.02
25.642273	-0.51	0.02
25.652177	-0.51	-0.01
25.662046	-0.51	-0.00
25.672015	-0.51	0.01
25.681987	-0.51	0.02
25.691864	-0.51	-0.01
25.701746	-0.50	-0.00
25.711723	-0.51	-0.01
25.721695	-0.50	0.00
25.731654	-0.51	0.00
25.741621	-0.50	0.01
25.751531	-0.50	0.01
25.761663	-0.49	0.02
25.771660	-0.49	0.02
25.781630	-0.49	0.01
25.791612	-0.48	0.01
25.801616	-0.49	0.00
25.811579	-0.49	0.01
25.821545	-0.49	0.01
25.831564	-0.49	0.01
25.841519	-0.49	0.01
25.851486	-0.49	0.03
25.861344	-0.49	0.01
25.871324	-0.48	0.00
25.881294	-0.48	-0.00
25.891251	-0.48	0.03
25.901141	-0.48	0.02
25.911024	-0.48	0.03
25.921002	-0.48	0.03
25.930966	-0.48	0.00
25.940857	-0.47	0.01
25.950672	-0.46	0.01
25.960482	-0.47	0.04
25.970449	-0.47	0.04
25.980417	-0.47	0.04
25.990394	-0.46	0.04
26.000386	-0.46	0.05
26.010381	-0.45	0.05
26.020362	-0.46	0.04
26.030249	-0.46	0.04
26.040066	-0.46	0.01
26.050034	-0.46	0.02
26.059854	-0.47	0.02
26.069834	-0.46	-0.00
26.079799	-0.45	-0.00
26.089764	-0.46	-0.02
26.099741	-0.45	-0.03
26.109661	-0.45	-0.02
26.119566	-0.45	-0.02
26.129539	-0.45	-0.02
26.139504	-0.45	-0.02
26.149482	-0.45	-0.04
26.159292	-0.45	-0.02
26.169267	-0.46	-0.01
26.179250	-0.46	-0.01
26.189180	-0.46	-0.01
26.198998	-0.49	-0.04
26.208981	-0.49	-0.03
26.219222	-0.49	-0.03
26.229202	-0.48	-0.02
26.239181	-0.48	-0.02
26.249147	-0.48	-0.02
26.258970	-0.48	-0.04
26.268952	-0.49	-0.04
26.278904	-0.48	-0.04
26.288859	-0.49	-0.01
26.298845	-0.48	0.02
26.308817	-0.49	0.04
26.318759	-0.49	0.05
26.328556	-0.50	0.04
26.339993	-0.50	0.04
26.349862	-0.50	0.03
26.359645	-0.50	0.03
26.369660	-0.51	0.02
26.379640	-0.50	0.02
26.389596	-0.50	0.01
26.399574	-0.52	-0.01
26.409521	-0.53	-0.00
26.419479	-0.53	0.02
26.429429	-0.53	0.02
26.439760	-0.54	0.02
26.449603	-0.53	0.01
26.459510	-0.53	0.01
26.469533	-0.54	0.03
26.479506	-0.53	0.03
26.489488	-0.53	0.05
26.499489	-0.53	0.07
26.509450	-0.54	0.09
26.519428	-0.53	0.10
26.529389	-0.54	0.10
26.539210	-0.54	0.10
26.549196	-0.55	0.10
26.559039	-0.54	0.08
26.569019	-0.54	0.08
26.578982	-0.54	0.07
26.588959	-0.54	0.07
26.598937	-0.54	0.09
26.608927	-0.54	0.10
26.618898	-0.54	0.12
26.628869	-0.55	0.12
26.638822	-0.55	0.13
26.648824	-0.54	0.15
26.658668	-0.54	0.15
26.668905	-0.54	0.15
26.678960	-0.54	0.14
26.688897	-0.55	0.16
26.698781	-0.55	0.13
26.708751	-0.56	0.13
26.718727	-0.56	0.14
26.728730	-0.55	0.14
26.738671	-0.54	0.14
26.748464	-0.54	0.14
26.758341	-0.55	0.13
26.768315	-0.56	0.14
26.778274	-0.56	0.14
26.788248	-0.56	0.14
26.798214	-0.56	0.16
26.808188	-0.56	0.18
26.818160	-0.56	0.17
26.828131	-0.55	0.17
26.838102	-0.56	0.18
26.848178	-0.56	0.18
26.858152	-0.56	0.17
26.868124	-0.57	0.17
26.877919	-0.57	0.17
26.887905	-0.56	0.17
26.897869	-0.57	0.17
26.907859	-0.57	0.18
26.917840	-0.56	0.18
26.927810	-0.55	0.20
26.937780	-0.56	0.19
26.947538	-0.56	0.20
26.957463	-0.57	0.22
26.967403	-0.56	0.24
26.977368	-0.55	0.22
26.987305	-0.55	0.22
26.997263	-0.56	0.19
27.007250	-0.57	0.20
27.017232	-0.61	0.19
27.027205	-0.60	0.17
27.037180	-0.60	0.18
27.047150	-0.60	0.17
27.057023	-0.60	0.17
27.067007	-0.60	0.14
27.076834	-0.61	0.16
27.086835	-0.61	0.16
27.096819	-0.61	0.15
27.106775	-0.60	0.15
27.119642	-0.60	0.15
27.129635	-0.61	0.15
27.139620	-0.60	0.14
27.149582	-0.61	0.14
27.159495	-0.61	0.13
27.169331	-0.61	0.15
27.179307	-0.61	0.14
27.189243	-0.60	0.14
27.199054	-0.60	0.11
27.209020	-0.60	0.13
27.218992	-0.60	0.11
27.228928	-0.61	0.08
27.238870	-0.62	0.10
27.248823	-0.61	0.11
27.258802	-0.61	0.08
27.268774	-0.60	0.08
27.278742	-0.61	0.09
27.288761	-0.60	0.09
27.298749	-0.60	0.09
27.308734	-0.60	0.08
27.318730	-0.59	0.08
27.328652	-0.58	0.10
27.338614	-0.58	0.07
27.348584	-0.59	0.06
27.358493	-0.59	0.06
27.368452	-0.60	0.06
27.378248	-0.59	0.07
27.388230	-0.60	0.07
27.398206	-0.60	0.07
27.408167	-0.59	0.07
27.418137	-0.60	0.04
27.428101	-0.60	0.04
27.438061	-0.59	0.01
27.447848	-0.60	-0.01
27.457749	-0.60	-0.04
27.467687	-0.60	-0.03
27.477660	-0.60	-0.00
27.487654	-0.60	0.02
27.497615	-0.59	0.02
27.507594	-0.58	0.05
27.517563	-0.59	0.05
27.527509	-0.59	0.04
27.537473	-0.59	0.04
27.547431	-0.58	0.05
27.557187	-0.57	0.05
27.567185	-0.57	0.05
27.577437	-0.57	0.05
27.587220	-0.57	0.05
27.597215	-0.57	0.06
27.607197	-0.56	0.05
27.617169	-0.55	0.06
27.627140	-0.56	0.06
27.637105	-0.56	0.05
27.647062	-0.56	0.05
27.656980	-0.55	0.04
27.666954	-0.55	0.02
27.676917	-0.56	0.02
27.686877	-0.56	0.04
27.696665	-0.56	0.02
27.706641	-0.56	0.01
27.716609	-0.56	0.02
27.726560	-0.56	0.05
27.736625	-0.56	0.05
27.746620	-0.56	0.04
27.756524	-0.55	0.04
27.766660	-0.56	0.03
27.776626	-0.57	0.05
27.786617	-0.57	0.03
27.796363	-0.57	0.02
27.806337	-0.56	0.05
27.816336	-0.57	0.07
27.826327	-0.57	0.07
27.836287	-0.57	0.07
27.846270	-0.56	0.07
27.856200	-0.56	0.06
27.866152	-0.56	0.07
27.876134	-0.55	0.07
27.886093	-0.55	0.08
27.896072	-0.55	0.08
27.906041	-0.58	0.08
27.916006	-0.58	0.05
27.925977	-0.58	0.06
27.935958	-0.58	0.05
27.945726	-0.58	0.06
27.955657	-0.58	0.07
27.965559	-0.58	0.08
27.975603	-0.59	0.09
27.985580	-0.59	0.08
27.995542	-0.58	0.08
28.005331	-0.58	0.08
28.015286	-0.58	0.09
28.025522	-0.58	0.10
28.035503	-0.57	0.10
28.045472	-0.56	0.12
28.055467	-0.55	0.13
28.065420	-0.55	0.13
28.075398	-0.54	0.14
28.085371	-0.55	0.12
28.095346	-0.55	0.13
28.105322	-0.56	0.13
28.115120	-0.56	0.11
28.125259	-0.56	0.10
28.135241	-0.55	0.07
28.145200	-0.54	0.07
28.155189	-0.54	0.07
28.165183	-0.54	0.08
28.175161	-0.54	0.07
28.185140	-0.54	0.07
28.194944	-0.54	0.10
28.204872	-0.54	0.10
28.214676	-0.52	0.10
28.224612	-0.53	0.12
28.234577	-0.52	0.09
28.244553	-0.52	0.08
28.254516	-0.52	0.07
28.264475	-0.53	0.05
28.274456	-0.52	0.07
28.284429	-0.52	0.04
28.294410	-0.52	0.03
28.304361	-0.52	0.04
28.314384	-0.52	0.03
28.324367	-0.52	0.04
28.334368	-0.52	0.07
28.344385	-0.52	0.06
28.354353	-0.52	0.07
28.364316	-0.51	0.07
28.374285	-0.51	0.07
28.384252	-0.52	0.07
28.394220	-0.52	0.06
28.404188	-0.52	0.05
28.414182	-0.53	0.05
28.424010	-0.52	0.03
28.433937	-0.52	0.04
28.443779	-0.52	0.02
28.453673	-0.52	0.01
28.463706	-0.52	0.01
28.473690	-0.52	0.03
28.483977	-0.51	0.04
28.493945	-0.51	0.04
28.503918	-0.50	0.04
28.513767	-0.51	0.04
28.523734	-0.49	0.04
28.533712	-0.50	0.06
28.543686	-0.50	0.04
28.553650	-0.50	0.01
28.563519	-0.50	0.02
28.573426	-0.53	0.03
28.583427	-0.52	0.03
28.593384	-0.53	0.04
28.603374	-0.53	0.04
28.613353	-0.54	0.05
28.623321	-0.55	0.04
28.633169	-0.55	0.05
28.643087	-0.55	0.05
28.653099	-0.54	0.05
28.662940	-0.55	0.02
28.672840	-0.56	0.03
28.682808	-0.56	0.06
28.692661	-0.56	0.03
28.702560	-0.58	0.04
28.712563	-0.57	0.06
28.722517	-0.57	0.06
28.732489	-0.57	0.04
28.742459	-0.57	0.02
28.752320	-0.56	0.03
28.762187	-0.56	0.03
28.772061	-0.56	0.02
28.782043	-0.54	0.03
28.792007	-0.54	0.04
28.801978	-0.54	0.03
28.811961	-0.55	0.03
28.821945	-0.54	0.03
28.831919	-0.54	0.03
28.841785	-0.55	0.05
28.851688	-0.56	0.07
28.861566	-0.56	0.08
28.871431	-0.55	0.08
28.881408	-0.55	0.05
28.891384	-0.55	0.03
28.901347	-0.55	0.06
28.911342	-0.56	0.08
28.921333	-0.56	0.05
28.931602	-0.55	0.06
28.941502	-0.55	0.07
28.951355	-0.55	0.07
28.961227	-0.56	0.06
28.971089	-0.57	0.07
28.981061	-0.56	0.09
28.991040	-0.57	0.09
29.001015	-0.57	0.09
29.010984	-0.56	0.06
29.020962	-0.57	0.06
29.030919	-0.57	0.05
29.040913	-0.58	0.05
29.050798	-0.57	0.04
29.060584	-0.58	0.03
29.070433	-0.58	0.03
29.080409	-0.58	0.02
29.090381	-0.57	0.02
29.100339	-0.56	0.02
29.110311	-0.57	-0.01
29.120285	-0.58	-0.01
29.130263	-0.58	-0.02
29.140230	-0.56	-0.02
29.150123	-0.56	-0.02
29.159901	-0.56	-0.02
29.169743	-0.56	-0.03
29.179713	-0.54	-0.03
29.189620	-0.53	-0.02
29.199495	-0.53	-0.03
29.209475	-0.54	-0.03
29.219473	-0.53	-0.00
29.229441	-0.53	0.00
29.239468	-0.53	0.01
29.249433	-0.53	0.03
29.259391	-0.53	0.03
29.269202	-0.53	0.04
29.279201	-0.52	0.04
29.289177	-0.52	0.05
29.299142	-0.51	0.04
29.309119	-0.50	0.03
29.319091	-0.51	0.05
29.329064	-0.51	0.03
29.339043	-0.50	0.05
29.349024	-0.50	0.04
29.358975	-0.49	0.04
29.368826	-0.49	0.05
29.378828	-0.49	0.06
29.389091	-0.49	0.07
29.399071	-0.49	0.04
29.409052	-0.50	0.06
29.419037	-0.49	0.05
29.429010	-0.49	0.05
29.438948	-0.49	0.06
29.448802	-0.49	0.06
29.458750	-0.48	0.06
29.468512	-0.48	0.03
29.478342	-0.48	0.03
29.488323	-0.49	0.02
29.498286	-0.49	0.02
29.508280	-0.48	0.01
29.518275	-0.49	0.02
29.528256	-0.50	0.05
29.538227	-0.50	0.07
29.548193	-0.50	0.08
29.558166	-0.50	0.07
29.567945	-0.49	0.07
29.577909	-0.50	0.06
29.587877	-0.50	0.06
29.597863	-0.50	0.06
29.607833	-0.51	0.04
29.617800	-0.51	0.04
29.627795	-0.51	0.03
29.637773	-0.51	0.05
29.647747	-0.51	0.02
29.657722	-0.49	-0.01
29.667522	-0.50	-0.00
29.677481	-0.50	0.02
29.687248	-0.51	0.02
29.697035	-0.51	0.04
29.707020	-0.50	0.03
29.716998	-0.51	0.04
29.726973	-0.51	0.04
29.736945	-0.52	0.03
29.746902	-0.51	0.03
29.756885	-0.50	0.04
29.766719	-0.49	0.05
29.776702	-0.50	0.05
29.786668	-0.49	0.05
29.796617	-0.50	0.08
29.806558	-0.50	0.04
29.816621	-0.50	0.04
29.826641	-0.51	0.05
29.836892	-0.51	0.02
29.846854	-0.52	0.02
29.856817	-0.52	0.00
29.866727	-0.53	0.01
29.876700	-0.52	-0.02
29.886689	-0.52	-0.04
29.896435	-0.52	-0.02
29.906403	-0.52	0.00
29.916378	-0.52	-0.02
29.926356	-0.51	-0.02
29.936320	-0.52	-0.02
29.946102	-0.53	-0.03
29.956044	-0.51	-0.03
29.965871	-0.51	-0.02
29.975892	-0.51	-0.02
29.985861	-0.51	-0.02
29.995837	-0.51	0.01
30.005815	-0.52	-0.01
30.015788	-0.52	-0.01
30.025807	-0.51	-0.02
30.035786	-0.51	-0.01
30.045831	-0.51	-0.01
30.055801	-0.52	-0.00
30.065702	-0.53	0.00
30.075660	-0.56	0.00
30.085654	-0.55	0.00
30.095621	-0.55	-0.02
30.105427	-0.56	-0.01
30.115381	-0.55	-0.04
30.125366	-0.56	-0.02
30.135350	-0.56	-0.03
30.145316	-0.56	-0.03
30.155285	-0.56	-0.00
30.165149	-0.55	0.02
30.175195	-0.59	0.03
30.185177	-0.58	0.04
30.194976	-0.58	0.05
30.204934	-0.57	0.07
30.214916	-0.57	0.06
30.224929	-0.57	0.05
30.234895	-0.58	0.05
30.244867	-0.58	0.05
30.254831	-0.57	0.07
30.264717	-0.57	0.07
30.274650	-0.57	0.07
30.284901	-0.57	0.06
30.294877	-0.56	0.06
30.304840	-0.55	0.06
30.314649	-0.55	0.05
30.324602	-0.55	0.05
30.334607	-0.56	0.07
30.344585	-0.55	0.06
30.354539	-0.57	0.06
30.364419	-0.56	0.06
30.374467	-0.56	0.07
30.384468	-0.55	0.05
30.394439	-0.57	0.02
30.404426	-0.56	0.03
30.414388	-0.56	0.03
30.424379	-0.56	0.04
30.434403	-0.57	0.01
30.444212	-0.57	-0.01
30.454128	-0.57	-0.03
30.464022	-0.57	-0.05
30.473960	-0.57	-0.04
30.483945	-0.57	-0.02
30.493918	-0.57	-0.02
30.503894	-0.55	-0.01
30.513855	-0.56	-0.03
30.523698	-0.57	-0.02
30.533610	-0.56	-0.02
30.543583	-0.56	-0.01
30.553544	-0.59	-0.00
30.563481	-0.58	-0.01
30.573375	-0.58	-0.02
30.583358	-0.58	-0.02
30.593321	-0.58	0.01
30.603292	-0.58	0.03
30.613273	-0.58	0.02
30.623257	-0.58	0.04
30.633245	-0.58	0.02
30.643217	-0.59	0.02
30.653189	-0.58	0.02
30.663129	-0.59	0.01
30.673060	-0.59	0.02
30.683042	-0.59	0.01
30.692903	-0.58	0.01
30.702797	-0.57	0.01
30.712766	-0.57	0.02
30.722758	-0.57	0.04
30.732616	-0.57	0.04
30.742780	-0.57	0.06
30.752766	-0.58	0.06
30.762728	-0.58	0.07
30.772608	-0.58	0.08
30.782588	-0.58	0.07
30.792568	-0.57	0.07
30.802553	-0.56	0.08
30.812540	-0.56	0.10
30.822511	-0.57	0.10
30.832377	-0.56	0.11
30.842504	-0.56	0.12
30.852483	-0.55	0.09
30.862459	-0.55	0.08
30.872376	-0.55	0.08
30.882367	-0.55	0.09
30.892340	-0.54	0.08
30.902316	-0.55	0.05
30.912281	-0.54	0.05
30.922324	-0.55	0.03
30.932314	-0.55	0.04
30.942195	-0.55	0.04
30.952072	-0.55	0.05
30.962027	-0.54	0.05
30.971931	-0.54	0.07
30.981915	-0.53	0.07
30.991897	-0.53	0.07
31.001874	-0.53	0.07
31.011842	-0.53	0.08
31.021807	-0.53	0.09
31.031764	-0.53	0.11
31.041724	-0.53	0.11
31.051694	-0.53	0.11
31.061669	-0.54	0.08
31.071648	-0.54	0.11
31.081635	-0.54	0.11
31.091613	-0.54	0.11
31.101588	-0.55	0.12
31.111555	-0.54	0.13
31.121588	-0.55	0.13
31.131568	-0.54	0.13
31.141589	-0.53	0.15
31.151466	-0.53	0.14
31.161341	-0.52	0.12
31.171250	-0.53	0.12
31.181207	-0.53	0.11
31.191364	-0.53	0.11
31.201223	-0.53	0.10
31.211196	-0.53	0.09
31.221191	-0.52	0.09
31.231066	-0.53	0.07
31.241101	-0.53	0.07
31.251070	-0.53	0.09
31.261038	-0.53	0.06
31.270980	-0.53	0.06
31.280961	-0.54	0.07
31.290938	-0.55	0.06
31.300902	-0.55	0.04
31.310873	-0.55	0.03
31.320850	-0.54	0.04
31.330792	-0.54	0.04
31.340769	-0.54	0.03
31.350738	-0.57	0.06
31.360640	-0.56	0.08
31.370490	-0.57	0.05
31.380478	-0.57	0.04
31.390464	-0.57	0.03
31.400443	-0.57	0.06
31.410416	-0.56	0.04
31.420395	-0.55	0.04
31.430363	-0.55	0.05
31.440288	-0.55	0.04
31.450186	-0.55	0.06
31.460147	-0.55	0.06
31.470025	-0.55	0.07
31.479866	-0.55	0.05
31.489860	-0.55	0.08
31.499842	-0.56	0.05
31.509815	-0.56	0.02
31.519815	-0.56	0.05
31.529785	-0.56	0.07
31.539750	-0.51	0.07
31.549730	-0.52	0.04
31.559718	-0.51	0.04
31.569598	-0.51	0.02
31.579562	-0.51	0.02
31.589541	-0.51	0.00
31.599524	-0.51	-0.02
31.609481	-0.51	-0.02
31.619474	-0.51	-0.02
31.629461	-0.51	-0.05
31.639684	-0.52	-0.04
31.649670	-0.52	-0.03
31.659648	-0.51	-0.03
31.669627	-0.51	-0.05
31.679599	-0.51	-0.06
31.689516	-0.52	-0.09
31.699340	-0.52	-0.08
31.709308	-0.52	-0.07
31.719281	-0.52	-0.10
31.729262	-0.52	-0.10
31.739243	-0.53	-0.09
31.749216	-0.53	-0.07
31.759186	-0.53	-0.08
31.769141	-0.53	-0.07
31.779062	-0.53	-0.07
31.788887	-0.53	-0.06
31.798875	-0.52	-0.06
31.808857	-0.53	-0.05
31.818833	-0.54	-0.08
31.828813	-0.54	-0.07
31.838808	-0.53	-0.06
31.848786	-0.54	-0.05
31.858745	-0.53	-0.05
31.868703	-0.53	-0.05
31.878652	-0.52	-0.04
31.888607	-0.52	-0.04
31.898578	-0.52	-0.04
31.908544	-0.52	-0.03
31.918532	-0.51	-0.06
31.928507	-0.51	-0.07
31.938458	-0.51	-0.09
31.948248	-0.51	-0.09
31.958187	-0.50	-0.06
31.968214	-0.50	-0.03
31.978166	-0.50	-0.03
31.988108	-0.50	-0.00
31.997915	-0.51	-0.01
32.007894	-0.50	-0.01
32.017869	-0.50	-0.00
32.027842	-0.51	0.01
32.037816	-0.51	0.01
32.047780	-0.51	0.01
32.057749	-0.54	0.04
32.067716	-0.53	0.02
32.077689	-0.52	0.05
32.087670	-0.53	0.06
32.097934	-0.52	0.07
32.107908	-0.52	0.08
32.117887	-0.51	0.08
32.127867	-0.52	0.09
32.137834	-0.51	0.09
32.147799	-0.51	0.08
32.157756	-0.51	0.06
32.167736	-0.51	0.06
32.177707	-0.55	0.08
32.187681	-0.56	0.08
32.197438	-0.56	0.08
32.207208	-0.57	0.06
32.217211	-0.56	0.06
32.227200	-0.56	0.06
32.237177	-0.55	0.06
32.247144	-0.54	0.06
32.257118	-0.54	0.05
32.267072	-0.52	0.06
32.276854	-0.52	0.06
32.286854	-0.52	0.07
32.296824	-0.53	0.04
32.306793	-0.53	0.07
32.316765	-0.53	0.08
32.326745	-0.54	0.07
32.336721	-0.53	0.08
32.346675	-0.54	0.08
32.356630	-0.54	0.08
32.366728	-0.54	0.09
32.376716	-0.55	0.07
32.386698	-0.55	0.06
32.396670	-0.54	0.07
32.406644	-0.53	0.06
32.416398	-0.53	0.03
32.426374	-0.53	0.03
32.436356	-0.53	0.03
32.446132	-0.53	0.00
32.456051	-0.53	0.00
32.465995	-0.53	-0.01
32.475782	-0.53	0.02
32.485743	-0.54	-0.01
32.495718	-0.54	-0.02
32.505688	-0.54	-0.01
32.515651	-0.53	-0.01
32.525639	-0.53	-0.00
32.535618	-0.54	0.01
32.548117	-0.54	-0.02
32.558123	-0.54	-0.01
32.568096	-0.55	-0.01
32.577866	-0.55	-0.01
32.587851	-0.56	-0.02
32.597817	-0.55	-0.01
32.607798	-0.54	-0.00
32.617757	-0.55	-0.01
32.627557	-0.54	-0.01
32.637551	-0.54	0.00
32.647522	-0.53	0.03
32.657492	-0.54	0.03
32.667471	-0.55	0.02
32.677242	-0.55	0.02
32.687241	-0.54	0.03
32.697000	-0.54	0.00
32.706984	-0.54	0.00
32.716956	-0.54	0.03
32.726937	-0.54	0.02
32.736910	-0.54	0.03
32.746873	-0.55	0.03
32.756849	-0.54	0.03
32.766820	-0.54	0.03
32.776574	-0.53	0.03
32.786696	-0.52	0.03
32.796655	-0.52	0.04
32.806647	-0.52	0.03
32.816665	-0.52	0.04
32.826635	-0.51	0.04
32.836397	-0.51	0.04
32.846361	-0.51	0.05
32.856349	-0.52	0.06
32.866329	-0.52	0.06
32.876123	-0.52	0.07
32.886328	-0.52	0.07
32.896136	-0.52	0.04
32.906091	-0.51	0.04
32.915867	-0.51	0.07
32.926216	-0.50	0.07
32.936204	-0.50	0.09
32.945979	-0.51	0.10
32.955927	-0.51	0.12
32.965899	-0.50	0.12
32.975710	-0.51	0.12
32.985675	-0.51	0.13
32.995647	-0.50	0.12
33.005929	-0.49	0.12
33.015938	-0.50	0.13
33.025907	-0.50	0.13
33.035900	-0.50	0.13
33.045687	-0.50	0.12
33.055628	-0.49	0.14
33.065621	-0.50	0.14
33.075457	-0.50	0.14
33.085418	-0.50	0.14
33.095410	-0.50	0.14
33.105380	-0.50	0.16
33.115362	-0.50	0.16
33.125344	-0.50	0.15
33.135329	-0.50	0.13
33.145300	-0.49	0.13
33.155274	-0.49	0.13
33.165232	-0.49	0.13
33.175066	-0.49	0.15
33.185006	-0.49	0.15
33.194823	-0.50	0.15
33.204774	-0.49	0.14
33.214744	-0.50	0.13
33.224717	-0.49	0.13
33.234688	-0.50	0.11
33.244686	-0.50	0.13
33.254511	-0.50	0.13
33.264523	-0.50	0.10
33.274392	-0.50	0.11
33.284330	-0.51	0.11
33.294308	-0.50	0.11
33.304276	-0.49	0.11
33.314111	-0.49	0.11
33.324040	-0.50	0.11
33.334028	-0.50	0.12
33.343997	-0.51	0.12
33.353988	-0.50	0.11
33.363955	-0.50	0.11
33.373822	-0.50	0.12
33.383798	-0.54	0.12
33.393774	-0.55	0.09
33.403773	-0.54	0.09
33.413750	-0.53	0.09
33.423723	-0.53	0.09
33.433700	-0.53	0.09
33.443577	-0.53	0.08
33.453478	-0.54	0.08
33.463572	-0.55	0.07
33.473426	-0.55	0.08
33.483345	-0.55	0.08
33.493324	-0.55	0.07
33.503303	-0.55	0.07
33.513264	-0.54	0.08
33.523215	-0.54	0.09
33.533189	-0.55	0.06
33.543164	-0.55	0.04
33.553144	-0.55	0.04
33.563111	-0.55	0.03
33.573018	-0.55	0.03
33.582902	-0.55	0.03
33.592884	-0.55	0.05
33.602872	-0.55	0.05
33.612842	-0.54	0.05
33.622835	-0.55	0.07
33.632818	-0.53	0.07
33.642775	-0.53	0.06
33.652760	-0.53	0.05
33.662731	-0.52	0.07
33.672598	-0.54	0.09
33.682492	-0.54	0.09
33.692359	-0.54	0.09
33.702306	-0.54	0.08
33.712265	-0.58	0.09
33.722275	-0.58	0.07
33.732273	-0.58	0.08
33.742303	-0.57	0.07
33.752254	-0.57	0.05
33.762201	-0.57	0.07
33.772121	-0.57	0.09
33.781990	-0.57	0.10
33.791957	-0.57	0.12
33.801918	-0.57	0.11
33.811857	-0.57	0.10
33.821811	-0.57	0.12
33.831776	-0.56	0.12
33.841744	-0.56	0.11
33.851699	-0.55	0.12
33.861647	-0.56	0.11
33.871593	-0.55	0.12
33.881339	-0.55	0.11
33.891213	-0.56	0.12
33.901199	-0.55	0.12
33.911440	-0.55	0.10
33.921427	-0.55	0.12
33.931411	-0.55	0.10
33.941313	-0.55	0.08
33.951156	-0.56	0.10
33.961123	-0.56	0.12
33.971074	-0.57	0.10
33.980991	-0.57	0.07
33.990964	-0.57	0.07
34.000927	-0.56	0.07
34.010885	-0.56	0.08
34.020901	-0.57	0.11
34.030871	-0.58	0.08
34.040909	-0.59	0.08
34.050885	-0.58	0.07
34.060862	-0.57	0.09
34.070882	-0.57	0.09
34.080717	-0.57	0.09
34.090626	-0.58	0.09
34.100476	-0.57	0.07
34.110465	-0.57	0.08
34.120435	-0.58	0.09
34.130382	-0.58	0.06
34.140370	-0.57	0.06
34.150353	-0.58	0.08
34.160326	-0.59	0.05
34.170288	-0.59	0.08
34.180264	-0.58	0.07
34.190171	-0.61	0.09
34.199993	-0.62	0.09
34.209961	-0.62	0.09
34.219925	-0.61	0.11
34.229924	-0.60	0.11
34.239899	-0.60	0.10
34.249876	-0.59	0.10
34.259857	-0.59	0.08
34.269826	-0.59	0.05
34.279688	-0.60	0.05
34.289667	-0.59	0.05
34.299601	-0.60	0.04
34.309416	-0.60	0.04
34.319390	-0.60	0.06
34.329354	-0.59	0.07
34.339326	-0.58	0.06
34.349541	-0.58	0.06
34.359370	-0.57	0.06
34.369345	-0.58	0.07
34.379213	-0.58	0.07
34.389191	-0.56	0.06
34.399169	-0.56	0.04
34.409140	-0.55	0.03
34.419114	-0.55	0.03
34.429080	-0.55	0.05
34.439024	-0.54	0.06
34.448844	-0.54	0.04
34.458813	-0.55	0.04
34.468826	-0.55	0.03
34.478690	-0.55	0.04
34.488666	-0.54	0.04
34.498643	-0.54	0.04
34.508601	-0.53	0.06
34.518408	-0.53	0.07
34.528383	-0.53	0.10
34.538357	-0.53	0.09
34.548316	-0.53	0.11
34.558299	-0.53	0.13
34.568277	-0.53	0.13
34.578158	-0.53	0.13
34.588144	-0.52	0.13
34.598106	-0.52	0.12
34.608069	-0.52	0.11
34.618062	-0.53	0.10
34.628136	-0.54	0.10
34.638130	-0.54	0.07
34.648095	-0.53	0.08
34.658066	-0.54	0.05
34.668069	-0.53	0.06
34.677942	-0.53	0.08
34.687902	-0.54	0.08
34.697674	-0.54	0.11
34.707651	-0.53	0.10
34.717609	-0.53	0.09
34.727469	-0.53	0.10
34.737455	-0.56	0.09
34.747423	-0.56	0.09
34.757381	-0.55	0.09
34.767341	-0.55	0.09
34.777208	-0.55	0.06
34.787194	-0.55	0.04
34.797435	-0.55	0.04
34.807415	-0.55	0.06
34.817400	-0.55	0.06
34.827371	-0.55	0.07
34.837349	-0.54	0.07
34.847368	-0.54	0.07
34.857385	-0.54	0.10
34.867357	-0.55	0.09
34.877246	-0.55	0.11
34.887229	-0.54	0.08
34.897192	-0.54	0.10
34.907165	-0.57	0.07
34.917138	-0.56	0.09
34.927104	-0.56	0.08
34.936866	-0.56	0.08
34.946689	-0.56	0.07
34.956650	-0.57	0.07
34.966590	-0.56	0.07
34.976735	-0.56	0.07
34.986722	-0.56	0.08
34.996477	-0.56	0.06
35.006426	-0.55	0.06
35.016412	-0.56	0.05
35.026385	-0.56	0.06
35.036365	-0.56	0.06
35.046341	-0.56	0.03
35.056309	-0.56	0.06
35.066280	-0.57	0.06
35.076182	-0.57	0.06
35.086158	-0.56	0.05
35.096128	-0.56	0.06
35.106094	-0.56	0.03
35.116059	-0.57	0.04
35.126018	-0.56	0.04
35.136012	-0.56	0.04
35.145784	-0.56	0.03
35.155743	-0.57	0.04
35.165717	-0.56	0.01
35.175634	-0.57	-0.01
35.185605	-0.58	-0.01
35.195412	-0.57	-0.03
35.205344	-0.58	-0.03
35.215313	-0.58	-0.03
35.225292	-0.58	-0.03
35.235078	-0.58	-0.03
35.246795	-0.57	-0.02
35.257279	-0.57	0.00
35.267288	-0.57	-0.01
35.278392	-0.57	-0.02
35.288417	-0.57	-0.03
35.298389	-0.56	-0.03
35.308357	-0.57	-0.03
35.318327	-0.57	-0.03
35.328300	-0.56	-0.02
35.338282	-0.56	-0.05
35.348233	-0.56	-0.04
35.358203	-0.57	-0.07
35.368182	-0.56	-0.06
35.378162	-0.56	-0.06
35.388116	-0.55	-0.05
35.397901	-0.55	-0.04
35.407903	-0.54	-0.03
35.417879	-0.54	-0.02
35.427873	-0.54	-0.03
35.437840	-0.53	-0.04
35.447629	-0.53	-0.02
35.457595	-0.53	-0.00
35.467544	-0.53	0.01
35.477517	-0.52	-0.01
35.487499	-0.53	-0.03
35.497478	-0.52	-0.03
35.507431	-0.51	-0.01
35.517414	-0.52	-0.02
35.527389	-0.53	-0.02
35.537369	-0.52	-0.02
35.547380	-0.52	-0.02
35.557353	-0.53	-0.02
35.567121	-0.53	-0.05
35.577047	-0.52	-0.02
35.587035	-0.52	-0.02
35.597006	-0.53	-0.03
35.606993	-0.53	-0.02
35.616970	-0.54	-0.02
35.626946	-0.54	-0.00
35.636919	-0.54	0.00
35.646899	-0.54	-0.00
35.656895	-0.54	0.00
35.666877	-0.55	0.00
35.676813	-0.54	0.01
35.686783	-0.54	0.02
35.696870	-0.54	-0.00
35.706877	-0.54	0.00
35.716848	-0.54	0.01
35.726806	-0.55	0.00
35.736767	-0.55	0.00
35.746753	-0.54	0.01
35.756707	-0.54	0.02
35.766681	-0.54	0.01
35.776430	-0.54	0.02
35.786402	-0.54	0.02
35.796379	-0.53	0.02
35.806352	-0.53	0.04
35.816324	-0.53	0.04
35.826290	-0.53	0.04
35.836262	-0.53	0.01
35.846241	-0.52	0.02
35.856205	-0.52	0.02
35.866168	-0.53	0.02
35.876123	-0.52	0.02
35.886079	-0.52	0.02
35.896042	-0.52	0.05
35.906010	-0.52	0.04
35.915979	-0.52	0.05
35.925952	-0.53	0.04
35.935930	-0.53	0.04
35.945712	-0.54	0.05
35.955617	-0.54	0.02
35.965561	-0.54	0.04
35.975570	-0.53	0.04
35.985340	-0.53	0.07
35.995310	-0.53	0.07
36.005286	-0.53	0.05
36.015252	-0.53	0.06
36.025221	-0.52	0.06
36.035190	-0.52	0.06
36.045154	-0.52	0.08
36.055138	-0.52	0.08
36.065103	-0.53	0.10
36.075124	-0.53	0.10
36.085186	-0.51	0.10
36.095157	-0.51	0.11
36.105136	-0.51	0.11
36.115102	-0.52	0.11
36.125115	-0.52	0.10
36.135132	-0.55	0.13
36.145387	-0.56	0.15
36.155364	-0.54	0.15
36.165336	-0.54	0.13
36.175315	-0.54	0.13
36.185295	-0.54	0.14
36.195099	-0.53	0.14
36.205043	-0.54	0.12
36.215035	-0.55	0.12
36.225005	-0.55	0.13
36.234986	-0.55	0.10
36.244976	-0.57	0.09
36.254951	-0.57	0.11
36.264928	-0.56	0.08
36.274894	-0.57	0.08
36.284865	-0.60	0.09
36.294842	-0.59	0.08
36.304802	-0.63	0.07
36.314781	-0.62	0.08
36.324747	-0.61	0.06
36.334720	-0.61	0.08
36.344691	-0.60	0.07
36.354662	-0.58	0.08
36.364650	-0.58	0.07
36.374616	-0.62	0.04
36.384429	-0.60	0.05
36.394347	-0.61	0.06
36.404170	-0.55	-0.01
36.414092	-0.54	-0.07
36.424064	-0.50	-0.05
36.433893	-0.49	-0.07
36.443787	-0.53	0.04
36.453738	-0.55	0.13
36.463684	-0.56	0.19
36.473632	-0.56	0.18
36.483475	-0.59	0.16
36.493376	-0.55	0.20
36.503344	-0.58	0.26
36.513324	-0.61	0.36
36.523291	-0.65	0.40
36.533287	-0.61	0.37
36.543269	-0.58	0.21
36.553249	-0.46	0.04
36.563240	-0.43	0.05
36.573206	-0.48	0.15
36.583072	-0.62	0.22
36.593237	-0.59	0.31
36.603218	-0.59	0.36
36.613053	-0.54	0.33
36.623129	-0.47	0.32
36.633128	-0.48	0.37
36.643105	-0.54	0.46
36.653072	-0.57	0.47
36.663042	-0.56	0.44
36.673021	-0.51	0.36
36.682896	-0.48	0.31
36.692675	-0.46	0.27
36.702583	-0.49	0.28
36.712581	-0.53	0.33
36.722543	-0.53	0.35
36.732514	-0.50	0.34
36.742492	-0.44	0.33
36.752464	-0.49	0.34
36.762453	-0.51	0.37
36.772411	-0.53	0.43
36.782298	-0.59	0.42
36.792163	-0.62	0.41
36.802151	-0.62	0.38
36.812127	-0.59	0.36
36.821990	-0.57	0.37
36.831864	-0.57	0.37
36.841827	-0.57	0.37
36.851822	-0.58	0.39
36.861813	-0.60	0.38
36.871791	-0.60	0.39
36.881681	-0.62	0.40
36.891671	-0.64	0.39
36.901663	-0.62	0.38
36.911620	-0.60	0.37
36.921595	-0.58	0.37
36.931598	-0.58	0.37
36.941527	-0.59	0.37
36.951378	-0.59	0.37
36.961351	-0.58	0.37
36.971304	-0.66	0.37
36.981224	-0.67	0.40
36.991073	-0.69	0.44
37.001029	-0.68	0.43
37.011006	-0.70	0.44
37.020984	-0.69	0.41
37.031138	-0.70	0.40
37.041027	-0.71	0.40
37.051040	-0.72	0.41