
0.009997	-0.67	0.18
0.019840	-0.70	0.19
0.029751	-0.73	0.20
0.039830	-0.76	0.21
0.049830	-0.79	0.21
0.059800	-0.82	0.21
0.069786	-0.84	0.21
0.079752	-0.87	0.25
0.089738	-0.90	0.24
0.099697	-0.92	0.23
0.109671	-0.94	0.23
0.119653	-0.97	0.24
0.129570	-1.00	0.25
0.139391	-1.03	0.26
0.149384	-1.06	0.26
0.159371	-1.08	0.26
0.169362	-1.08	0.25
0.179327	-1.10	0.24
0.189303	-1.12	0.22
0.199280	-1.14	0.21
0.209211	-1.17	0.22
0.219206	-1.20	0.23
0.229822	-1.23	0.24
0.239698	-1.25	0.24
0.249640	-1.26	0.24
0.259469	-1.28	0.24
0.269452	-1.31	0.25
0.279408	-1.33	0.25
0.289388	-1.36	0.27
0.299372	-1.38	0.26
0.309357	-1.40	0.26
0.319320	-1.42	0.26
0.329270	-1.43	0.27
0.339039	-1.45	0.28
0.348972	-1.47	0.27
0.358955	-1.49	0.27
0.368921	-1.50	0.27
0.378898	-1.52	0.26
0.388874	-1.53	0.26
0.398832	-1.56	0.27
0.408850	-1.57	0.27
0.418824	-1.58	0.28
0.428734	-1.60	0.28
0.438530	-1.61	0.28
0.448524	-1.62	0.29
0.458814	-1.63	0.29
0.468609	-1.64	0.30
0.478569	-1.65	0.30
0.488541	-1.66	0.30
0.498524	-1.67	0.30
0.508501	-1.68	0.30
0.518472	-1.69	0.31
0.528438	-1.70	0.31
0.538258	-1.71	0.31
0.548188	-1.72	0.31
0.557981	-1.72	0.32
0.567955	-1.72	0.31
0.577921	-1.72	0.31
0.587898	-1.73	0.31
0.597857	-1.73	0.32
0.607840	-1.73	0.32
0.617817	-1.73	0.31
0.627785	-1.73	0.31
0.637594	-1.74	0.30
0.647586	-1.74	0.30
0.657561	-1.74	0.29
0.667514	-1.74	0.29
0.677289	-1.75	0.29
0.687275	-1.74	0.29
0.697244	-1.74	0.29
0.707217	-1.73	0.29
0.716980	-1.73	0.29
0.726943	-1.71	0.28
0.736816	-1.72	0.28
0.746805	-1.71	0.28
0.756774	-1.71	0.28
0.766531	-1.71	0.29
0.776498	-1.71	0.28
0.786470	-1.71	0.26
0.796432	-1.70	0.26
0.806404	-1.69	0.24
0.816393	-1.69	0.24
0.826350	-1.68	0.24
0.836172	-1.68	0.23
0.846129	-1.68	0.23
0.856119	-1.69	0.24
0.866091	-1.68	0.23
0.876055	-1.68	0.23
0.886041	-1.67	0.23
0.896019	-1.66	0.23
0.905976	-1.67	0.24
0.916225	-1.67	0.24
0.926207	-1.66	0.24
0.936039	-1.66	0.24
0.946012	-1.65	0.23
0.955987	-1.66	0.24
0.965775	-1.64	0.25
0.975529	-1.63	0.25
0.985463	-1.65	0.25
0.995410	-1.65	0.26
1.005379	-1.64	0.27
1.015366	-1.63	0.27
1.025338	-1.62	0.28
1.035199	-1.60	0.29
1.045262	-1.59	0.29
1.055255	-1.60	0.30
1.065237	-1.59	0.30
1.075214	-1.58	0.31
1.085194	-1.57	0.31
1.095178	-1.55	0.32
1.105212	-1.52	0.32
1.115210	-1.51	0.32
1.125189	-1.51	0.29
1.135110	-1.50	0.29
1.145057	-1.48	0.29
1.155057	-1.47	0.29
1.165039	-1.46	0.30
1.175026	-1.45	0.29
1.184842	-1.43	0.29
1.194796	-1.41	0.27
1.204796	-1.40	0.27
1.214604	-1.40	0.26
1.224529	-1.39	0.27
1.234471	-1.37	0.26
1.244393	-1.36	0.26
1.254393	-1.35	0.26
1.264396	-1.34	0.26
1.274393	-1.33	0.26
1.284368	-1.33	0.26
1.294345	-1.32	0.28
1.304321	-1.30	0.28
1.314153	-1.32	0.28
1.324099	-1.31	0.28
1.334038	-1.31	0.29
1.343971	-1.29	0.29
1.353949	-1.29	0.28
1.363947	-1.27	0.28
1.374209	-1.26	0.27
1.384197	-1.26	0.27
1.394052	-1.25	0.26
1.403994	-1.23	0.25
1.413990	-1.22	0.25
1.423975	-1.20	0.26
1.433916	-1.20	0.26
1.443879	-1.18	0.25
1.453882	-1.17	0.25
1.463733	-1.17	0.23
1.473667	-1.15	0.23
1.483652	-1.15	0.23
1.493618	-1.14	0.23
1.503600	-1.14	0.20
1.513619	-1.12	0.22
1.523590	-1.12	0.19
1.533549	-1.11	0.17
1.543457	-1.10	0.17
1.553454	-1.09	0.18
1.563429	-1.09	0.19
1.573415	-1.08	0.18
1.583394	-1.07	0.18
1.593352	-1.06	0.18
1.603200	-1.05	0.18
1.613198	-1.05	0.17
1.623187	-1.04	0.18
1.633143	-1.04	0.15
1.643147	-1.03	0.16
1.653137	-1.02	0.14
1.663128	-1.02	0.14
1.673110	-1.00	0.14
1.683118	-0.99	0.14
1.693091	-0.98	0.15
1.703075	-0.98	0.15
1.712959	-0.97	0.16
1.722871	-0.95	0.17
1.732857	-0.94	0.17
1.742740	-0.93	0.18
1.752751	-0.93	0.19
1.762728	-0.92	0.19
1.772707	-0.92	0.19
1.782706	-0.92	0.20
1.792684	-0.91	0.20
1.802675	-0.90	0.20
1.812535	-0.89	0.21
1.822714	-0.88	0.20
1.832699	-0.87	0.21
1.842630	-0.86	0.21
1.852639	-0.85	0.21
1.862619	-0.84	0.21
1.872597	-0.82	0.21
1.882587	-0.81	0.21
1.892559	-0.81	0.21
1.902525	-0.81	0.21
1.912509	-0.80	0.19
1.922488	-0.78	0.19
1.932444	-0.79	0.20
1.942457	-0.78	0.20
1.952442	-0.77	0.19
1.962315	-0.77	0.18
1.972177	-0.76	0.18
1.982169	-0.76	0.19
1.992144	-0.76	0.19
2.002113	-0.76	0.20
2.012076	-0.76	0.21
2.021945	-0.73	0.21
2.031830	-0.73	0.21
2.041757	-0.76	0.22
2.051742	-0.73	0.22
2.061722	-0.74	0.22
2.071708	-0.75	0.23
2.081706	-0.74	0.24
2.091711	-0.74	0.24
2.101677	-0.74	0.24
2.111710	-0.74	0.24
2.121703	-0.72	0.23
2.131710	-0.72	0.25
2.141772	-0.72	0.25
2.151758	-0.72	0.23
2.161749	-0.72	0.23
2.171738	-0.71	0.23
2.181721	-0.70	0.23
2.191700	-0.70	0.23
2.201674	-0.70	0.25
2.211602	-0.69	0.26
2.221474	-0.69	0.26
2.231357	-0.69	0.26
2.241221	-0.68	0.26
2.251217	-0.69	0.25
2.261207	-0.68	0.26
2.271454	-0.68	0.26
2.281423	-0.67	0.26
2.291399	-0.66	0.25
2.301373	-0.67	0.25
2.311344	-0.66	0.22
2.321331	-0.66	0.22
2.331311	-0.66	0.22
2.341268	-0.65	0.22
2.351291	-0.65	0.19
2.361117	-0.64	0.19
2.371050	-0.64	0.18
2.380938	-0.63	0.19
2.390781	-0.62	0.19
2.400760	-0.63	0.21
2.410767	-0.63	0.21
2.420740	-0.62	0.21
2.430716	-0.63	0.20
2.440577	-0.63	0.21
2.450453	-0.62	0.21
2.460379	-0.62	0.22
2.470216	-0.60	0.21
2.480177	-0.58	0.21
2.490154	-0.59	0.23
2.500122	-0.59	0.22
2.510102	-0.58	0.23
2.520073	-0.57	0.22
2.530051	-0.57	0.22
2.540010	-0.58	0.24
2.549977	-0.57	0.24
2.559981	-0.57	0.25
2.569961	-0.57	0.25
2.579931	-0.57	0.22
2.589924	-0.57	0.22
2.599878	-0.58	0.22
2.609846	-0.57	0.22
2.619818	-0.57	0.23
2.629793	-0.57	0.19
2.639745	-0.57	0.20
2.649688	-0.57	0.21
2.659671	-0.57	0.21
2.669656	-0.58	0.20
2.679636	-0.57	0.22
2.689622	-0.56	0.22
2.699590	-0.58	0.22
2.709505	-0.57	0.22
2.719626	-0.56	0.23
2.729618	-0.57	0.23
2.739657	-0.56	0.23
2.749582	-0.56	0.23
2.759403	-0.57	0.23
2.769391	-0.56	0.21
2.779349	-0.57	0.22
2.789328	-0.57	0.24
2.799288	-0.58	0.23
2.809249	-0.58	0.25
2.819215	-0.58	0.24
2.829177	-0.57	0.25
2.839148	-0.57	0.22
2.849124	-0.56	0.24
2.859079	-0.56	0.24
2.868980	-0.56	0.23
2.878954	-0.55	0.23
2.888935	-0.55	0.23
2.898890	-0.55	0.23
2.908876	-0.56	0.25
2.918884	-0.56	0.26
2.928887	-0.57	0.25
2.938803	-0.56	0.25
2.948598	-0.56	0.28
2.958579	-0.57	0.29
2.968394	-0.56	0.29
2.978357	-0.57	0.30
2.988300	-0.56	0.31
2.998091	-0.57	0.31
3.008070	-0.56	0.31
3.018041	-0.56	0.30
3.028011	-0.56	0.31
3.037979	-0.56	0.30
3.047758	-0.56	0.31
3.057753	-0.56	0.30
3.067704	-0.55	0.30
3.077564	-0.55	0.30
3.087534	-0.55	0.29
3.097512	-0.55	0.29
3.107488	-0.56	0.29
3.117457	-0.57	0.31
3.127453	-0.57	0.31
3.137468	-0.57	0.31
3.147242	-0.57	0.30
3.157228	-0.57	0.30
3.167202	-0.57	0.30
3.177461	-0.57	0.31
3.187475	-0.56	0.30
3.197455	-0.56	0.30
3.207458	-0.55	0.30
3.217225	-0.55	0.30
3.227208	-0.55	0.31
3.237197	-0.54	0.30
3.246975	-0.53	0.30
3.256953	-0.54	0.30
3.266922	-0.53	0.31
3.276900	-0.54	0.32
3.286648	-0.53	0.31
3.296798	-0.54	0.33
3.306791	-0.53	0.32
3.316755	-0.52	0.32
3.326750	-0.53	0.32
3.336676	-0.53	0.32
3.346499	-0.53	0.32
3.356454	-0.53	0.32
3.366447	-0.52	0.33
3.376437	-0.53	0.33
3.386410	-0.54	0.32
3.396188	-0.54	0.32
3.406155	-0.54	0.32
3.416155	-0.54	0.32
3.426119	-0.55	0.32
3.436092	-0.54	0.31
3.445891	-0.55	0.31
3.455848	-0.55	0.31
3.465632	-0.56	0.30
3.475381	-0.56	0.32
3.485332	-0.56	0.32
3.495138	-0.56	0.28
3.505103	-0.57	0.28
3.515074	-0.60	0.28
3.525041	-0.60	0.28
3.535021	-0.60	0.28
3.544847	-0.60	0.27
3.554790	-0.59	0.27
3.564766	-0.59	0.26
3.574741	-0.59	0.26
3.584709	-0.60	0.23
3.594690	-0.60	0.24
3.604659	-0.59	0.24
3.614625	-0.59	0.23
3.624863	-0.59	0.21
3.634854	-0.58	0.20
3.644719	-0.58	0.21
3.654659	-0.58	0.21
3.664648	-0.58	0.21
3.674637	-0.58	0.21
3.684600	-0.58	0.20
3.694586	-0.57	0.22
3.704389	-0.57	0.22
3.714168	-0.58	0.21
3.724105	-0.57	0.20
3.734082	-0.57	0.20
3.743960	-0.57	0.20
3.753889	-0.56	0.20
3.763878	-0.59	0.21
3.773853	-0.59	0.20
3.783817	-0.59	0.21
3.793649	-0.59	0.21
3.803588	-0.62	0.21
3.813605	-0.63	0.21
3.823577	-0.63	0.19
3.833547	-0.62	0.19
3.843448	-0.62	0.17
3.853367	-0.62	0.17
3.863351	-0.62	0.14
3.873337	-0.61	0.14
3.883304	-0.65	0.14
3.893280	-0.64	0.14
3.903253	-0.64	0.16
3.913095	-0.65	0.16
3.923009	-0.64	0.16
3.932992	-0.63	0.17
3.942921	-0.63	0.17
3.952820	-0.63	0.17
3.962691	-0.63	0.17
3.972593	-0.62	0.17
3.982572	-0.61	0.18
3.992530	-0.61	0.17
4.002503	-0.61	0.17
4.012466	-0.60	0.18
4.022453	-0.60	0.17
4.032425	-0.60	0.18
4.042357	-0.60	0.19
4.052232	-0.61	0.19
4.062215	-0.60	0.19
4.072468	-0.60	0.20
4.082453	-0.60	0.20
4.092441	-0.60	0.20
4.102391	-0.60	0.20
4.112403	-0.60	0.20
4.122273	-0.61	0.20
4.132151	-0.61	0.20
4.142112	-0.61	0.21
4.151991	-0.60	0.22
4.161975	-0.60	0.21
4.171939	-0.59	0.22
4.181917	-0.59	0.23
4.191901	-0.59	0.23
4.201865	-0.60	0.23
4.211740	-0.60	0.23
4.221581	-0.60	0.23
4.231528	-0.60	0.21
4.241453	-0.59	0.20
4.251335	-0.59	0.20
4.261304	-0.60	0.20
4.271290	-0.61	0.21
4.281253	-0.59	0.21
4.291225	-0.59	0.21
4.301224	-0.59	0.21
4.311212	-0.59	0.21
4.321193	-0.58	0.21
4.331076	-0.57	0.20
4.340924	-0.57	0.21
4.350782	-0.57	0.22
4.360786	-0.57	0.23
4.370781	-0.56	0.23
4.380746	-0.56	0.23
4.390735	-0.56	0.22
4.400703	-0.57	0.22
4.410687	-0.56	0.22
4.420672	-0.57	0.20
4.430663	-0.57	0.16
4.440645	-0.57	0.17
4.450509	-0.57	0.17
4.460407	-0.57	0.17
4.470303	-0.57	0.18
4.480283	-0.56	0.19
4.490249	-0.57	0.19
4.500202	-0.57	0.19
4.510183	-0.56	0.19
4.520408	-0.55	0.21
4.530390	-0.55	0.20
4.540295	-0.55	0.20
4.550131	-0.56	0.22
4.560118	-0.56	0.22
4.570126	-0.57	0.22
4.580094	-0.57	0.22
4.590084	-0.57	0.19
4.600055	-0.57	0.19
4.610010	-0.56	0.18
4.619990	-0.55	0.18
4.629952	-0.55	0.20
4.639928	-0.55	0.21
4.649805	-0.55	0.22
4.659780	-0.55	0.21
4.669772	-0.55	0.18
4.679740	-0.55	0.18
4.689704	-0.55	0.19
4.699669	-0.54	0.21
4.709579	-0.54	0.21
4.719394	-0.54	0.20
4.729373	-0.58	0.19
4.739331	-0.58	0.19
4.749163	-0.56	0.19
4.758974	-0.55	0.20
4.768980	-0.58	0.20
4.778981	-0.57	0.19
4.788953	-0.58	0.19
4.798919	-0.56	0.18
4.808897	-0.56	0.18
4.818865	-0.57	0.19
4.828829	-0.57	0.18
4.838656	-0.57	0.20
4.848532	-0.57	0.20
4.858520	-0.58	0.20
4.868477	-0.58	0.21
4.878451	-0.59	0.18
4.888421	-0.58	0.18
4.898391	-0.57	0.20
4.908381	-0.57	0.20
4.918358	-0.60	0.19
4.928336	-0.59	0.16
4.938304	-0.60	0.17
4.948251	-0.60	0.18
4.958206	-0.60	0.18
4.967998	-0.60	0.18
4.978252	-0.60	0.18
4.988232	-0.59	0.18
4.998198	-0.60	0.18
5.008164	-0.59	0.15
5.018173	-0.59	0.17
5.028153	-0.60	0.17
5.038163	-0.60	0.17
5.048053	-0.59	0.14
5.058035	-0.59	0.14
5.068017	-0.59	0.14
5.077967	-0.58	0.13
5.087968	-0.58	0.13
5.097938	-0.58	0.14
5.107929	-0.58	0.14
5.117894	-0.58	0.14
5.127860	-0.57	0.15
5.137819	-0.59	0.15
5.147719	-0.59	0.15
5.157696	-0.59	0.14
5.167663	-0.59	0.15
5.177582	-0.59	0.15
5.187571	-0.58	0.15
5.197547	-0.57	0.14
5.207506	-0.58	0.15
5.217274	-0.58	0.15
5.227245	-0.58	0.15
5.237231	-0.57	0.15
5.247141	-0.58	0.15
5.257125	-0.58	0.14
5.267116	-0.57	0.14
5.277104	-0.58	0.14
5.287075	-0.59	0.14
5.297062	-0.59	0.14
5.307035	-0.58	0.15
5.316997	-0.58	0.16
5.326970	-0.59	0.17
5.336942	-0.58	0.17
5.346840	-0.57	0.18
5.356839	-0.57	0.15
5.366821	-0.57	0.16
5.376798	-0.57	0.17
5.386547	-0.58	0.17
5.396497	-0.58	0.18
5.406464	-0.58	0.19
5.416427	-0.58	0.16
5.440296	-0.58	0.16
5.450366	-0.58	0.16
5.460279	-0.58	0.15
5.470060	-0.59	0.14
5.479883	-0.58	0.14
5.489866	-0.59	0.15
5.499851	-0.57	0.16
5.509831	-0.56	0.16
5.519807	-0.57	0.16
5.529795	-0.56	0.16
5.539774	-0.56	0.16
5.549751	-0.55	0.16
5.559725	-0.55	0.17
5.569704	-0.54	0.17
5.579679	-0.54	0.18
5.589595	-0.54	0.18
5.599429	-0.54	0.18
5.609401	-0.54	0.19
5.619403	-0.54	0.19
5.629362	-0.53	0.16
5.639335	-0.54	0.18
5.649273	-0.55	0.18
5.659241	-0.55	0.18
5.669211	-0.54	0.18
5.679182	-0.54	0.18
5.689156	-0.54	0.17
5.699111	-0.53	0.18
5.709040	-0.54	0.18
5.718907	-0.54	0.19
5.728900	-0.55	0.20
5.738888	-0.55	0.20
5.748957	-0.56	0.22
5.758951	-0.56	0.24
5.768924	-0.56	0.25
5.778910	-0.56	0.25
5.788888	-0.56	0.25
5.798856	-0.55	0.25
5.808668	-0.56	0.25
5.818651	-0.57	0.25
5.828624	-0.56	0.25
5.838609	-0.57	0.25
5.848560	-0.57	0.26
5.858558	-0.56	0.26
5.868541	-0.57	0.25
5.878398	-0.58	0.25
5.888824	-0.58	0.23
5.898800	-0.57	0.23
5.908790	-0.57	0.23
5.918760	-0.56	0.23
5.928733	-0.58	0.23
5.938712	-0.58	0.23
5.948674	-0.59	0.23
5.958631	-0.59	0.20
5.968451	-0.58	0.20
5.978413	-0.59	0.21
5.988366	-0.59	0.20
5.998372	-0.59	0.21
6.008330	-0.57	0.21
6.018104	-0.57	0.21
6.028074	-0.57	0.22
6.037855	-0.57	0.23
6.047840	-0.56	0.24
6.057830	-0.57	0.23
6.067808	-0.56	0.23
6.077813	-0.56	0.19
6.087792	-0.55	0.16
6.097766	-0.54	0.14
6.107747	-0.55	0.15
6.117714	-0.56	0.16
6.127688	-0.56	0.17
6.137662	-0.55	0.19
6.147637	-0.55	0.17
6.157389	-0.56	0.19
6.167358	-0.55	0.20
6.177328	-0.57	0.20
6.187305	-0.57	0.21
6.197266	-0.57	0.22
6.207240	-0.58	0.21
6.216997	-0.57	0.22
6.226855	-0.57	0.22
6.236860	-0.56	0.20
6.246840	-0.57	0.20
6.256583	-0.58	0.20
6.266556	-0.58	0.21
6.276525	-0.59	0.21
6.286496	-0.59	0.21
6.296482	-0.58	0.21
6.306450	-0.58	0.22
6.316431	-0.60	0.23
6.326401	-0.60	0.25
6.336379	-0.61	0.22
6.346695	-0.60	0.22
6.356514	-0.60	0.22
6.366476	-0.59	0.21
6.376458	-0.59	0.20
6.386430	-0.58	0.20
6.396386	-0.59	0.20
6.406351	-0.59	0.21
6.416306	-0.60	0.21
6.426264	-0.59	0.18
6.436033	-0.60	0.18
6.446033	-0.60	0.16
6.455846	-0.59	0.16
6.465610	-0.59	0.18
6.475574	-0.59	0.19
6.485517	-0.59	0.19
6.495519	-0.60	0.20
6.505490	-0.61	0.20
6.515444	-0.62	0.19
6.525404	-0.62	0.20
6.535376	-0.62	0.21
6.545340	-0.61	0.21
6.555158	-0.61	0.21
6.565110	-0.62	0.21
6.575095	-0.62	0.22
6.585070	-0.62	0.23
6.595036	-0.63	0.23
6.605008	-0.63	0.23
6.614999	-0.63	0.23
6.624966	-0.64	0.25
6.634943	-0.64	0.27
6.644777	-0.64	0.24
6.654567	-0.64	0.24
6.664592	-0.64	0.23
6.674581	-0.64	0.23
6.684580	-0.63	0.24
6.694557	-0.63	0.23
6.704533	-0.63	0.24
6.714346	-0.64	0.23
6.724286	-0.63	0.24
6.734256	-0.64	0.23
6.744226	-0.64	0.24
6.754057	-0.64	0.25
6.763987	-0.65	0.27
6.773974	-0.65	0.27
6.783955	-0.65	0.26
6.794202	-0.65	0.26
6.804169	-0.68	0.26
6.814148	-0.68	0.23
6.824123	-0.67	0.23
6.834096	-0.66	0.25
6.844093	-0.66	0.22
6.853900	-0.66	0.23
6.863957	-0.65	0.23
6.873946	-0.65	0.23
6.883914	-0.66	0.22
6.893890	-0.65	0.22
6.903855	-0.65	0.21
6.913683	-0.64	0.18
6.923611	-0.64	0.18
6.933585	-0.64	0.18
6.943563	-0.64	0.18
6.953447	-0.63	0.20
6.963211	-0.63	0.20
6.973137	-0.63	0.19
6.983092	-0.63	0.19
6.993130	-0.62	0.20
7.003106	-0.62	0.22
7.013118	-0.61	0.23
7.023071	-0.60	0.22
7.033017	-0.61	0.23
7.042983	-0.61	0.22
7.052859	-0.64	0.22
7.062619	-0.63	0.22
7.072521	-0.63	0.22
7.082519	-0.64	0.22
7.092500	-0.64	0.22
7.102477	-0.67	0.22
7.112448	-0.66	0.21
7.122430	-0.67	0.21
7.132410	-0.67	0.22
7.142405	-0.67	0.22
7.152308	-0.68	0.23
7.162203	-0.67	0.23
7.172195	-0.68	0.25
7.182164	-0.69	0.25
7.192150	-0.68	0.26
7.202121	-0.68	0.25
7.211991	-0.68	0.22
7.221880	-0.68	0.23
7.231847	-0.68	0.24
7.242103	-0.68	0.24
7.252014	-0.67	0.23
7.261904	-0.67	0.21
7.271791	-0.67	0.20
7.281816	-0.66	0.20
7.291794	-0.66	0.20
7.301760	-0.66	0.20
7.311752	-0.69	0.20
7.321714	-0.70	0.22
7.331719	-0.70	0.22
7.341699	-0.70	0.24
7.351670	-0.69	0.24
7.361533	-0.68	0.24
7.371513	-0.68	0.25
7.381479	-0.67	0.25
7.391393	-0.66	0.22
7.402037	-0.66	0.22
7.412232	-0.66	0.22
7.422222	-0.66	0.22
7.432194	-0.66	0.21
7.442161	-0.66	0.18
7.452086	-0.66	0.18
7.461860	-0.66	0.18
7.471731	-0.67	0.18
7.481615	-0.67	0.19
7.491521	-0.66	0.21
7.501515	-0.65	0.20
7.511495	-0.66	0.20
7.521460	-0.66	0.20
7.531426	-0.67	0.20
7.541400	-0.68	0.20
7.551287	-0.68	0.22
7.561228	-0.67	0.19
7.571224	-0.67	0.19
7.581228	-0.67	0.20
7.591199	-0.66	0.20
7.601183	-0.66	0.19
7.611158	-0.65	0.16
7.621138	-0.65	0.13
7.631101	-0.65	0.13
7.641091	-0.65	0.13
7.651078	-0.65	0.13
7.660916	-0.65	0.13
7.670898	-0.69	0.13
7.680892	-0.67	0.14
7.691086	-0.67	0.14
7.700935	-0.68	0.13
7.710841	-0.70	0.13
7.720689	-0.70	0.13
7.730656	-0.70	0.13
7.740654	-0.70	0.13
7.750627	-0.71	0.13
7.760496	-0.69	0.14
7.770476	-0.69	0.13
7.780469	-0.69	0.14
7.790454	-0.68	0.14
7.800415	-0.66	0.14
7.810392	-0.66	0.14
7.820365	-0.66	0.14
7.830346	-0.64	0.11
7.840331	-0.64	0.11
7.850303	-0.64	0.11
7.860170	-0.64	0.12
7.870145	-0.65	0.09
7.880115	-0.64	0.10
7.890086	-0.64	0.10
7.900000	-0.63	0.08
7.909840	-0.63	0.07
7.919823	-0.63	0.08
7.929782	-0.62	0.07
7.939759	-0.62	0.08
7.949681	-0.62	0.09
7.959467	-0.63	0.10
7.969280	-0.62	0.10
7.979233	-0.63	0.10
7.989233	-0.62	0.10
7.999211	-0.62	0.10
8.009194	-0.62	0.11
8.019161	-0.62	0.12
8.029137	-0.62	0.12
8.039107	-0.62	0.10
8.049100	-0.63	0.11
8.058980	-0.62	0.12
8.068950	-0.62	0.12
8.078945	-0.62	0.12
8.088935	-0.63	0.12
8.098915	-0.63	0.13
8.108847	-0.63	0.13
8.118657	-0.62	0.13
8.128641	-0.61	0.10
8.138888	-0.61	0.12
8.148900	-0.61	0.12
8.158783	-0.60	0.13
8.168748	-0.59	0.13
8.178725	-0.60	0.14
8.188709	-0.60	0.13
8.198681	-0.59	0.10
8.208618	-0.60	0.11
8.218435	-0.60	0.10
8.228399	-0.60	0.10
8.238381	-0.60	0.10
8.248364	-0.60	0.11
8.258274	-0.61	0.13
8.268250	-0.60	0.14
8.278220	-0.59	0.12
8.288186	-0.59	0.12
8.298163	-0.58	0.12
8.308188	-0.57	0.12
8.318133	-0.57	0.12
8.327930	-0.57	0.12
8.337904	-0.59	0.13
8.347883	-0.62	0.13
8.357794	-0.61	0.10
8.367768	-0.61	0.10
8.377734	-0.61	0.09
8.387722	-0.61	0.09
8.397946	-0.61	0.09
8.407755	-0.61	0.09
8.417727	-0.61	0.10
8.427684	-0.60	0.10
8.437670	-0.61	0.12
8.447643	-0.61	0.12
8.457559	-0.59	0.12
8.467326	-0.60	0.14
8.477267	-0.59	0.14
8.487205	-0.59	0.15
8.497194	-0.60	0.17
8.507168	-0.60	0.17
8.517168	-0.60	0.18
8.527137	-0.60	0.20
8.536894	-0.60	0.19
8.546882	-0.60	0.21
8.556844	-0.61	0.23
8.566834	-0.61	0.23
8.576802	-0.62	0.22
8.586793	-0.62	0.23
8.597052	-0.61	0.20
8.607038	-0.61	0.17
8.617024	-0.60	0.18
8.626983	-0.60	0.18
8.636960	-0.59	0.18
8.646952	-0.58	0.18
8.656879	-0.58	0.18
8.666852	-0.59	0.18
8.676825	-0.58	0.15
8.686813	-0.59	0.16
8.696786	-0.59	0.16
8.706755	-0.58	0.16
8.716486	-0.57	0.14
8.726458	-0.57	0.14
8.736427	-0.57	0.15
8.746200	-0.56	0.15
8.756128	-0.57	0.17
8.766096	-0.57	0.17
8.776074	-0.56	0.17
8.786040	-0.56	0.17
8.796019	-0.56	0.17
8.805990	-0.55	0.17
8.815978	-0.55	0.18
8.825931	-0.55	0.17
8.835939	-0.55	0.17
8.845949	-0.55	0.17
8.855898	-0.55	0.17
8.865838	-0.55	0.19
8.875808	-0.55	0.19
8.885768	-0.55	0.19
8.895758	-0.55	0.18
8.905739	-0.55	0.18
8.915746	-0.58	0.16
8.925710	-0.57	0.16
8.935682	-0.56	0.16
8.945660	-0.56	0.17
8.955463	-0.57	0.16
8.965240	-0.57	0.17
8.975233	-0.58	0.14
8.985169	-0.57	0.14
8.994979	-0.57	0.15
9.004935	-0.57	0.12
9.014909	-0.57	0.13
9.024875	-0.56	0.13
9.034853	-0.56	0.13
9.045115	-0.57	0.14
9.055105	-0.56	0.11
9.065045	-0.56	0.12
9.075023	-0.56	0.14
9.084994	-0.57	0.15
9.094961	-0.55	0.14
9.104941	-0.56	0.15
9.114904	-0.55	0.15
9.124890	-0.55	0.14
9.134870	-0.54	0.12
9.144861	-0.54	0.12
9.154838	-0.54	0.12
9.164625	-0.54	0.12
9.174631	-0.53	0.12
9.184619	-0.53	0.12
9.194611	-0.53	0.12
9.204586	-0.53	0.13
9.214397	-0.52	0.14
9.224284	-0.52	0.14
9.234240	-0.53	0.14
9.244197	-0.53	0.16
9.254169	-0.53	0.16
9.264147	-0.53	0.16
9.274138	-0.54	0.13
9.284108	-0.53	0.12
9.294113	-0.55	0.13
9.304095	-0.54	0.15
9.314070	-0.55	0.14
9.324050	-0.55	0.14
9.334033	-0.56	0.13
9.343991	-0.56	0.13
9.353985	-0.54	0.13
9.363974	-0.54	0.14
9.373818	-0.54	0.12
9.383730	-0.54	0.09
9.393681	-0.54	0.10
9.403682	-0.54	0.11
9.413668	-0.55	0.08
9.423638	-0.54	0.09
9.433616	-0.54	0.10
9.443597	-0.54	0.10
9.453571	-0.54	0.10
9.463398	-0.54	0.11
9.473305	-0.54	0.12
9.483236	-0.54	0.12
9.493525	-0.54	0.12
9.503521	-0.55	0.13
9.513492	-0.56	0.13
9.523480	-0.56	0.11
9.533430	-0.56	0.11
9.543416	-0.57	0.10
9.553387	-0.58	0.11
9.563240	-0.61	0.11
9.573216	-0.61	0.10
9.583064	-0.61	0.11
9.592964	-0.61	0.11
9.602953	-0.62	0.14
9.612933	-0.62	0.14
9.622908	-0.61	0.13
9.632754	-0.62	0.14
9.642660	-0.63	0.14
9.652656	-0.63	0.14
9.662507	-0.62	0.15
9.672489	-0.62	0.13
9.682456	-0.62	0.13
9.692452	-0.62	0.13
9.702430	-0.62	0.14
9.712271	-0.61	0.14
9.722141	-0.61	0.15
9.732122	-0.60	0.14
9.742089	-0.63	0.16
9.752059	-0.62	0.16
9.761914	-0.62	0.17
9.771801	-0.60	0.17
9.781795	-0.60	0.19
9.791686	-0.59	0.21
9.801552	-0.59	0.22
9.811540	-0.58	0.22
9.821522	-0.59	0.22
9.831483	-0.59	0.23
9.841483	-0.59	0.22
9.851459	-0.59	0.23
9.861353	-0.59	0.23
9.871134	-0.58	0.23
9.881106	-0.58	0.23
9.891106	-0.59	0.23
9.901071	-0.60	0.23
9.911057	-0.60	0.23
9.921030	-0.60	0.22
9.931003	-0.60	0.24
9.941012	-0.60	0.25
9.951249	-0.61	0.25
9.961137	-0.61	0.24
9.971102	-0.60	0.24
9.981043	-0.60	0.24
9.991025	-0.60	0.23
10.000914	-0.60	0.20
10.010790	-0.60	0.20
10.020785	-0.59	0.17
10.030690	-0.58	0.17
10.040536	-0.58	0.17
10.050527	-0.59	0.14
10.060449	-0.57	0.14
10.070386	-0.57	0.15
10.080367	-0.58	0.15
10.090341	-0.57	0.14
10.100306	-0.57	0.14
10.110308	-0.57	0.14
10.120285	-0.57	0.12
10.130323	-0.57	0.12
10.140289	-0.57	0.12
10.150290	-0.57	0.12
10.160245	-0.58	0.12
10.170083	-0.58	0.13
10.180063	-0.58	0.14
10.190062	-0.59	0.13
10.200049	-0.59	0.14
10.209971	-0.59	0.15
10.219807	-0.59	0.15
10.229789	-0.59	0.16
10.239759	-0.59	0.16
10.249732	-0.59	0.16
10.259692	-0.59	0.17
10.269500	-0.58	0.18
10.279479	-0.57	0.18
10.289463	-0.56	0.19
10.299452	-0.56	0.19
10.309432	-0.55	0.19
10.319409	-0.55	0.18
10.329372	-0.56	0.18
10.339368	-0.56	0.18
10.349333	-0.56	0.18
10.359291	-0.56	0.19
10.369104	-0.57	0.20
10.379099	-0.56	0.20
10.389076	-0.56	0.20
10.399330	-0.55	0.20
10.409315	-0.56	0.18
10.419267	-0.55	0.19
10.429107	-0.55	0.19
10.439087	-0.56	0.20
10.449079	-0.56	0.20
10.459019	-0.56	0.20
10.468817	-0.56	0.21
10.478764	-0.57	0.21
10.488718	-0.57	0.21
10.498692	-0.58	0.23
10.508678	-0.57	0.23
10.518658	-0.56	0.20
10.528641	-0.57	0.21
10.538610	-0.56	0.21
10.548569	-0.57	0.20
10.558539	-0.57	0.21
10.568355	-0.57	0.21
10.578314	-0.57	0.21
10.588289	-0.57	0.21
10.598262	-0.58	0.22
10.608257	-0.58	0.22
10.618233	-0.58	0.22
10.628192	-0.57	0.20
10.637987	-0.57	0.20
10.647967	-0.57	0.19
10.657959	-0.57	0.19
10.667755	-0.57	0.19
10.677739	-0.57	0.16
10.687721	-0.55	0.17
10.697707	-0.55	0.17
10.707694	-0.55	0.17
10.717508	-0.59	0.16
10.727503	-0.58	0.16
10.737492	-0.57	0.16
10.747492	-0.57	0.16
10.757479	-0.58	0.16
10.767287	-0.58	0.18
10.777277	-0.58	0.18
10.787248	-0.57	0.19
10.797231	-0.56	0.19
10.807208	-0.56	0.18
10.817185	-0.54	0.19
10.827148	-0.54	0.19
10.837121	-0.53	0.19
10.850818	-0.53	0.20
10.860809	-0.54	0.21
10.870799	-0.54	0.21
10.880774	-0.54	0.21
10.890759	-0.55	0.21
10.900737	-0.54	0.18
10.910710	-0.55	0.18
10.920688	-0.54	0.17
10.930650	-0.58	0.18
10.940635	-0.57	0.18
10.950590	-0.57	0.15
10.960503	-0.56	0.12
10.970396	-0.56	0.12
10.980347	-0.56	0.09
10.990229	-0.57	0.09
11.000069	-0.58	0.09
11.010043	-0.59	0.09
11.020035	-0.59	0.09
11.030015	-0.58	0.06
11.039990	-0.58	0.07
11.049920	-0.58	0.09
11.059762	-0.57	0.08
11.069630	-0.57	0.08
11.079457	-0.57	0.09
11.089465	-0.56	0.06
11.099458	-0.56	0.06
11.109427	-0.56	0.05
11.119401	-0.57	0.05
11.129369	-0.56	0.06
11.139347	-0.57	0.03
11.149317	-0.57	0.04
11.159295	-0.57	0.05
11.169146	-0.57	0.05
11.179130	-0.58	0.05
11.189124	-0.57	0.06
11.199111	-0.60	0.08
11.209066	-0.60	0.09
11.218925	-0.60	0.09
11.228925	-0.59	0.09
11.238886	-0.59	0.09
11.248902	-0.59	0.09
11.258860	-0.58	0.09
11.268663	-0.58	0.09
11.278636	-0.58	0.09
11.288602	-0.57	0.09
11.298929	-0.56	0.11
11.308909	-0.56	0.11
11.318888	-0.56	0.11
11.328843	-0.56	0.11
11.338813	-0.57	0.11
11.348780	-0.56	0.11
11.358751	-0.57	0.12
11.368620	-0.56	0.12
11.378576	-0.57	0.13
11.388561	-0.56	0.12
11.398529	-0.56	0.13
11.408523	-0.54	0.14
11.418467	-0.55	0.13
11.428431	-0.54	0.13
11.438423	-0.54	0.13
11.448415	-0.54	0.13
11.458376	-0.54	0.15
11.468270	-0.55	0.16
11.478066	-0.55	0.17
11.488033	-0.55	0.19
11.498027	-0.54	0.20
11.508021	-0.55	0.20
11.517992	-0.55	0.22
11.527967	-0.55	0.22
11.537928	-0.55	0.21
11.547899	-0.55	0.21
11.557870	-0.55	0.21
11.567758	-0.55	0.21
11.577746	-0.54	0.21
11.587722	-0.55	0.21
11.597719	-0.55	0.20
11.607699	-0.55	0.20
11.617677	-0.54	0.19
11.627650	-0.54	0.19
11.637617	-0.54	0.19
11.647579	-0.55	0.18
11.657567	-0.55	0.19
11.667560	-0.55	0.20
11.677533	-0.55	0.20
11.687300	-0.56	0.20
11.697305	-0.56	0.20
11.707292	-0.55	0.20
11.717076	-0.56	0.21
11.727083	-0.56	0.20
11.737058	-0.57	0.22
11.747033	-0.59	0.19
11.757304	-0.59	0.20
11.767209	-0.59	0.16
11.777171	-0.58	0.16
11.787136	-0.58	0.17
11.797125	-0.58	0.16
11.807100	-0.58	0.13
11.817057	-0.58	0.13
11.827034	-0.58	0.14
11.837012	-0.59	0.13
11.846993	-0.58	0.13
11.856992	-0.58	0.13
11.866905	-0.58	0.13
11.876886	-0.58	0.10
11.886844	-0.61	0.10
11.896583	-0.61	0.12
11.906559	-0.61	0.10
11.916536	-0.61	0.10
11.926515	-0.61	0.12
11.936480	-0.61	0.10
11.946436	-0.61	0.10
11.956422	-0.62	0.12
11.966201	-0.62	0.12
11.976149	-0.62	0.11
11.986087	-0.62	0.11
11.996067	-0.62	0.11
12.006058	-0.62	0.11
12.016036	-0.62	0.09
12.026008	-0.62	0.09
12.035971	-0.62	0.08
12.045954	-0.62	0.09
12.055976	-0.62	0.09
12.065896	-0.62	0.09
12.075845	-0.61	0.09
12.085830	-0.61	0.10
12.095806	-0.60	0.10
12.105611	-0.60	0.10
12.115381	-0.60	0.11
12.125453	-0.59	0.11
12.135436	-0.59	0.11
12.145400	-0.59	0.13
12.155372	-0.60	0.13
12.165322	-0.59	0.15
12.175344	-0.59	0.16
12.185311	-0.59	0.17
12.195296	-0.61	0.17
12.205557	-0.62	0.14
12.215359	-0.61	0.14
12.225355	-0.62	0.12
12.235341	-0.61	0.10
12.245317	-0.62	0.11
12.255291	-0.63	0.11
12.265254	-0.62	0.12
12.275338	-0.65	0.12
12.285311	-0.65	0.13
12.295290	-0.65	0.14
12.305288	-0.65	0.15
12.315093	-0.65	0.15
12.325040	-0.65	0.13
12.335031	-0.64	0.11
12.344995	-0.62	0.11
12.354973	-0.63	0.12
12.364957	-0.62	0.13
12.374910	-0.64	0.11
12.384911	-0.64	0.12
12.394867	-0.64	0.12
12.404859	-0.64	0.13
12.414824	-0.63	0.14
12.424799	-0.63	0.14
12.434624	-0.63	0.14
12.444685	-0.62	0.14
12.454684	-0.62	0.14
12.464486	-0.61	0.11
12.474412	-0.61	0.12
12.484319	-0.61	0.10
12.494356	-0.62	0.10
12.504342	-0.62	0.11
12.514345	-0.62	0.08
12.524167	-0.62	0.09
12.534101	-0.62	0.10
12.544083	-0.62	0.10
12.554059	-0.60	0.11
12.564034	-0.61	0.11
12.573997	-0.62	0.12
12.583979	-0.61	0.12
12.593951	-0.61	0.12
12.603939	-0.61	0.09
12.613918	-0.61	0.09
12.623903	-0.61	0.07
12.633884	-0.61	0.07
12.643870	-0.61	0.07
12.654145	-0.61	0.04
12.664111	-0.61	0.05
12.674085	-0.61	0.05
12.684062	-0.61	0.06
12.694027	-0.62	0.08
12.704019	-0.62	0.08
12.713849	-0.62	0.08
12.723753	-0.62	0.08
12.733583	-0.62	0.09
12.743514	-0.62	0.10
12.753489	-0.60	0.11
12.763457	-0.60	0.12
12.773425	-0.60	0.12
12.783403	-0.61	0.12
12.793365	-0.61	0.12
12.803336	-0.60	0.14
12.813330	-0.61	0.15
12.823295	-0.59	0.15
12.833279	-0.59	0.15
12.843259	-0.59	0.16
12.853236	-0.59	0.17
12.863202	-0.59	0.17
12.873205	-0.59	0.16
12.883180	-0.59	0.17
12.893154	-0.59	0.17
12.903154	-0.58	0.18
12.913129	-0.58	0.18
12.923152	-0.58	0.18
12.933162	-0.58	0.18
12.943011	-0.58	0.18
12.952916	-0.58	0.17
12.962803	-0.61	0.17
12.972683	-0.61	0.18
12.982627	-0.61	0.19
12.992602	-0.60	0.19
13.002582	-0.59	0.20
13.012556	-0.59	0.19
13.022544	-0.60	0.17
13.032509	-0.60	0.19
13.042492	-0.59	0.19
13.052457	-0.60	0.19
13.062420	-0.60	0.18
13.072407	-0.60	0.18
13.082301	-0.60	0.19
13.092284	-0.62	0.18
13.102541	-0.63	0.16
13.112513	-0.62	0.15
13.122488	-0.62	0.16
13.132479	-0.62	0.13
13.142457	-0.61	0.14
13.152297	-0.61	0.16
13.162211	-0.60	0.15
13.172094	-0.60	0.16
13.181967	-0.60	0.16
13.191947	-0.60	0.16
13.201935	-0.60	0.13
13.211810	-0.59	0.14
13.221753	-0.59	0.15
13.231744	-0.59	0.17
13.241725	-0.58	0.18
13.251728	-0.58	0.15
13.261702	-0.58	0.15
13.271634	-0.58	0.15
13.281493	-0.58	0.16
13.291478	-0.58	0.18
13.301442	-0.58	0.18
13.311418	-0.58	0.18
13.321385	-0.58	0.18
13.331351	-0.58	0.15
13.341320	-0.58	0.15
13.351290	-0.58	0.15
13.361179	-0.57	0.17
13.371068	-0.56	0.18
13.380915	-0.56	0.17
13.390893	-0.57	0.19
13.400846	-0.58	0.15
13.410847	-0.58	0.16
13.420831	-0.59	0.17
13.430791	-0.58	0.17
13.440765	-0.59	0.17
13.450728	-0.60	0.17
13.460631	-0.59	0.17
13.470427	-0.58	0.17
13.480353	-0.59	0.17
13.490366	-0.60	0.17
13.500338	-0.59	0.19
13.510339	-0.59	0.19
13.520314	-0.59	0.19
13.530309	-0.59	0.20
13.540325	-0.60	0.17
13.550301	-0.60	0.17
13.560539	-0.61	0.14
13.570453	-0.61	0.15
13.580460	-0.61	0.12
13.590436	-0.61	0.13
13.600404	-0.60	0.10
13.610405	-0.61	0.12
13.620410	-0.61	0.12
13.630384	-0.61	0.12
13.640360	-0.61	0.13
13.650343	-0.64	0.15
13.660316	-0.64	0.16
13.670252	-0.63	0.16
13.680076	-0.64	0.17
13.690063	-0.63	0.17
13.700026	-0.62	0.18
13.709955	-0.63	0.18
13.719783	-0.62	0.19
13.729769	-0.62	0.16
13.739751	-0.62	0.16
13.749714	-0.61	0.15
13.759699	-0.61	0.18
13.769641	-0.62	0.17
13.779404	-0.62	0.16
13.789190	-0.62	0.16
13.799131	-0.62	0.17
13.809127	-0.61	0.18
13.819117	-0.62	0.18
13.829073	-0.62	0.18
13.839041	-0.63	0.18
13.849006	-0.62	0.18
13.858980	-0.61	0.18
13.868930	-0.62	0.20
13.878730	-0.61	0.21
13.888729	-0.61	0.21
13.898696	-0.60	0.21
13.908694	-0.61	0.23
13.918675	-0.61	0.23
13.928643	-0.61	0.22
13.938627	-0.59	0.23
13.948608	-0.59	0.23
13.958566	-0.59	0.23
13.968360	-0.59	0.23
13.978279	-0.59	0.22
13.988205	-0.58	0.19
13.998015	-0.58	0.20
14.008292	-0.58	0.20
14.018270	-0.58	0.20
14.028227	-0.59	0.21
14.038008	-0.57	0.21
14.047977	-0.57	0.21
14.057950	-0.57	0.21
14.067920	-0.58	0.21
14.077719	-0.58	0.20
14.087706	-0.57	0.20
14.097690	-0.55	0.21
14.107658	-0.56	0.20
14.117637	-0.55	0.21
14.127595	-0.55	0.20
14.137589	-0.55	0.19
14.147556	-0.55	0.20
14.157529	-0.56	0.20
14.167515	-0.56	0.20
14.177296	-0.56	0.21
14.187283	-0.56	0.20
14.197050	-0.56	0.20
14.206908	-0.56	0.19
14.216676	-0.56	0.20
14.226714	-0.56	0.19
14.236698	-0.56	0.18
14.246698	-0.56	0.19
14.256722	-0.56	0.19
14.266878	-0.56	0.21
14.276685	-0.55	0.19
14.286826	-0.56	0.19
14.296812	-0.57	0.18
14.306785	-0.56	0.17
14.316802	-0.56	0.17
14.326795	-0.56	0.18
14.337229	-0.55	0.19
14.347032	-0.55	0.19
14.357021	-0.55	0.20
14.366989	-0.54	0.19
14.376886	-0.55	0.19
14.386897	-0.55	0.20
14.396858	-0.55	0.19
14.406841	-0.56	0.19
14.416589	-0.55	0.19
14.426550	-0.56	0.20
14.436533	-0.55	0.20
14.446498	-0.55	0.22
14.456865	-0.55	0.21
14.466611	-0.55	0.22
14.476423	-0.55	0.21
14.486391	-0.54	0.22
14.496366	-0.54	0.23
14.506332	-0.54	0.23
14.516317	-0.54	0.23
14.526302	-0.54	0.23
14.536265	-0.54	0.20
14.546240	-0.54	0.20
14.556197	-0.53	0.20
14.566160	-0.53	0.21
14.575997	-0.52	0.21
14.586051	-0.52	0.18
14.596015	-0.51	0.18
14.605984	-0.51	0.18
14.615954	-0.50	0.18
14.625789	-0.51	0.20
14.635754	-0.51	0.20
14.645747	-0.51	0.21
14.655738	-0.52	0.22
14.665736	-0.53	0.21
14.675583	-0.53	0.18
14.685535	-0.52	0.19
14.695534	-0.53	0.19
14.705510	-0.53	0.19
14.715322	-0.54	0.17
14.725291	-0.53	0.17
14.735273	-0.54	0.17
14.745253	-0.55	0.16
14.755222	-0.55	0.16
14.765182	-0.56	0.16
14.775057	-0.56	0.13
14.784992	-0.56	0.13
14.794967	-0.57	0.14
14.804948	-0.57	0.15
14.814925	-0.56	0.14
14.824904	-0.56	0.14
14.834701	-0.56	0.15
14.844657	-0.56	0.15
14.854628	-0.56	0.16
14.864598	-0.56	0.15
14.874476	-0.56	0.16
14.884392	-0.56	0.17
14.894370	-0.59	0.17
14.904625	-0.59	0.16
14.914614	-0.59	0.16
14.924600	-0.60	0.17
14.934573	-0.60	0.16
14.944539	-0.60	0.13
14.954565	-0.59	0.14
14.964369	-0.60	0.14
14.974202	-0.60	0.14
14.984072	-0.58	0.15
14.993896	-0.57	0.16
15.003936	-0.58	0.16
15.013901	-0.58	0.15
15.023872	-0.58	0.15
15.033844	-0.58	0.13
15.043672	-0.59	0.13
15.053576	-0.58	0.12
15.063535	-0.57	0.12
15.073441	-0.57	0.10
15.083330	-0.57	0.09
15.093269	-0.57	0.07
15.103232	-0.57	0.08
15.113187	-0.58	0.10
15.123145	-0.60	0.10
15.133111	-0.60	0.07
15.143045	-0.59	0.04
15.152991	-0.60	0.05
15.162932	-0.60	0.07
15.172860	-0.60	0.07
15.182752	-0.60	0.07
15.192757	-0.59	0.07
15.202735	-0.59	0.07
15.212597	-0.59	0.07
15.222485	-0.60	0.07
15.232348	-0.59	0.08
15.242220	-0.59	0.08
15.252095	-0.59	0.09
15.261975	-0.59	0.10
15.271921	-0.58	0.10
15.281822	-0.59	0.10
15.291766	-0.58	0.11
15.301725	-0.59	0.10
15.311724	-0.58	0.10
15.321714	-0.57	0.10
15.331708	-0.55	0.11
15.341647	-0.56	0.11
15.351891	-0.56	0.12
15.361855	-0.57	0.12
15.371820	-0.57	0.15
15.381829	-0.56	0.15
15.391802	-0.56	0.14
15.401759	-0.55	0.13
15.411729	-0.56	0.13
15.421915	-0.57	0.14
15.431891	-0.57	0.15
15.441861	-0.58	0.14
15.451832	-0.58	0.14
15.461701	-0.58	0.15
15.471551	-0.57	0.15
15.481406	-0.56	0.16
15.491371	-0.56	0.18
15.501349	-0.56	0.20
15.511303	-0.56	0.20
15.521289	-0.56	0.21
15.531267	-0.57	0.21
15.541247	-0.56	0.21
15.551254	-0.56	0.18
15.561231	-0.59	0.18
15.571224	-0.59	0.15
15.581119	-0.59	0.13
15.591118	-0.58	0.13
15.601090	-0.59	0.13
15.611061	-0.58	0.10
15.621040	-0.58	0.11
15.631022	-0.58	0.10
15.641122	-0.58	0.12
15.651099	-0.58	0.12
15.661075	-0.58	0.12
15.670972	-0.58	0.12
15.680810	-0.58	0.12
15.690810	-0.57	0.09
15.700786	-0.56	0.09
15.710690	-0.56	0.10
15.720545	-0.57	0.12
15.730531	-0.57	0.12
15.740530	-0.57	0.13
15.750521	-0.57	0.13
15.760471	-0.57	0.13
15.770461	-0.58	0.14
15.780409	-0.58	0.14
15.790393	-0.58	0.15
15.800357	-0.57	0.15
15.810589	-0.57	0.14
15.820592	-0.58	0.13
15.830566	-0.58	0.14
15.840538	-0.57	0.15
15.850527	-0.57	0.17
15.860500	-0.57	0.17
15.870410	-0.58	0.15
15.880193	-0.57	0.13
15.890049	-0.57	0.10
15.900043	-0.57	0.11
15.910046	-0.57	0.11
15.920032	-0.56	0.11
15.930013	-0.55	0.14
15.939986	-0.55	0.12
15.949959	-0.55	0.12
15.959882	-0.54	0.12
15.969693	-0.54	0.11
15.979682	-0.54	0.12
15.989647	-0.55	0.13
15.999615	-0.55	0.15
16.009623	-0.54	0.12
16.019631	-0.53	0.12
16.029583	-0.53	0.12
16.039396	-0.53	0.13
16.049367	-0.53	0.13
16.059336	-0.53	0.14
16.069301	-0.53	0.16
16.079232	-0.54	0.16
16.089165	-0.55	0.15
16.099034	-0.54	0.16
16.109008	-0.54	0.16
16.118979	-0.57	0.16
16.128966	-0.57	0.18
16.138943	-0.57	0.18
16.148920	-0.57	0.18
16.158938	-0.58	0.18
16.168901	-0.59	0.19
16.178849	-0.58	0.19
16.188831	-0.58	0.18
16.198798	-0.58	0.19
16.208743	-0.58	0.19
16.218544	-0.58	0.19
16.228530	-0.57	0.20
16.238503	-0.57	0.20
16.248489	-0.58	0.17
16.261054	-0.58	0.18
16.270975	-0.58	0.17
16.280834	-0.58	0.18
16.290826	-0.58	0.19
16.300723	-0.58	0.19
16.310567	-0.58	0.16
16.320569	-0.57	0.16
16.330550	-0.57	0.18
16.340530	-0.57	0.19
16.350532	-0.57	0.20
16.360505	-0.57	0.21
16.370482	-0.58	0.20
16.380426	-0.57	0.20
16.390415	-0.57	0.21
16.400385	-0.57	0.21
16.410345	-0.58	0.22
16.420334	-0.58	0.19
16.430315	-0.58	0.20
16.440333	-0.57	0.21
16.450344	-0.57	0.21
16.460240	-0.57	0.21
16.470083	-0.60	0.21
16.480019	-0.60	0.20
16.489977	-0.60	0.20
16.499959	-0.60	0.22
16.509868	-0.60	0.22
16.519763	-0.60	0.21
16.529740	-0.60	0.21
16.539739	-0.60	0.22
16.549706	-0.60	0.21
16.559677	-0.59	0.21
16.569672	-0.60	0.22
16.579704	-0.60	0.22
16.589686	-0.61	0.22
16.599655	-0.64	0.22
16.609617	-0.64	0.22
16.619655	-0.63	0.24
16.629658	-0.64	0.24
16.639635	-0.64	0.25
16.649646	-0.62	0.22
16.659617	-0.63	0.22
16.669636	-0.63	0.19
16.679718	-0.63	0.17
16.689715	-0.63	0.17
16.699681	-0.63	0.17
16.709890	-0.63	0.19
16.719677	-0.63	0.20
16.729517	-0.63	0.20
16.739511	-0.62	0.19
16.749474	-0.63	0.19
16.759448	-0.63	0.21
16.769410	-0.62	0.18
16.779392	-0.62	0.18
16.789380	-0.63	0.16
16.799339	-0.62	0.17
16.809301	-0.62	0.17
16.819281	-0.61	0.18
16.829264	-0.61	0.18
16.839248	-0.60	0.18
16.849222	-0.60	0.20
16.859199	-0.60	0.20
16.869157	-0.60	0.21
16.879088	-0.59	0.22
16.889012	-0.59	0.21
16.898984	-0.59	0.22
16.908962	-0.59	0.22
16.918935	-0.59	0.23
16.928882	-0.60	0.24
16.938679	-0.59	0.24
16.948673	-0.58	0.24
16.958620	-0.61	0.25
16.968430	-0.60	0.24
16.978337	-0.61	0.24
16.988123	-0.61	0.24
16.998100	-0.61	0.26
17.008087	-0.61	0.26
17.018042	-0.62	0.26
17.028021	-0.61	0.25
17.037989	-0.62	0.24
17.047968	-0.62	0.25
17.057931	-0.61	0.25
17.067909	-0.61	0.25
17.077873	-0.60	0.27
17.087661	-0.60	0.27
17.097628	-0.61	0.27
17.107604	-0.61	0.27
17.117572	-0.61	0.27
17.127546	-0.61	0.23
17.137519	-0.61	0.23
17.147288	-0.60	0.23
17.157547	-0.60	0.22
17.167525	-0.60	0.23
17.177512	-0.60	0.22
17.187280	-0.60	0.22
17.197268	-0.61	0.21
17.207242	-0.61	0.21
17.217023	-0.61	0.20
17.226989	-0.60	0.20
17.236958	-0.60	0.20
17.246929	-0.59	0.21
17.256910	-0.59	0.22
17.266879	-0.59	0.22
17.276847	-0.60	0.22
17.286593	-0.60	0.19
17.296542	-0.60	0.19
17.306529	-0.59	0.19
17.316305	-0.60	0.20
17.326264	-0.59	0.17
17.336246	-0.60	0.19
17.346230	-0.60	0.21
17.355995	-0.60	0.20
17.366091	-0.60	0.20
17.376093	-0.60	0.20
17.385871	-0.61	0.20
17.395823	-0.60	0.19
17.405791	-0.60	0.21
17.415778	-0.59	0.20
17.425761	-0.59	0.18
17.435718	-0.59	0.18
17.445698	-0.59	0.15
17.455671	-0.59	0.15
17.465465	-0.60	0.17
17.475216	-0.61	0.19
17.484993	-0.60	0.16
17.494956	-0.61	0.15
17.504950	-0.60	0.16
17.514923	-0.60	0.13
17.524924	-0.59	0.14
17.534905	-0.59	0.15
17.544879	-0.59	0.14
17.554861	-0.59	0.14
17.564663	-0.59	0.15
17.574668	-0.59	0.16
17.584524	-0.59	0.16
17.594453	-0.59	0.16
17.604446	-0.60	0.17
17.614681	-0.59	0.17
17.624672	-0.59	0.17
17.634651	-0.58	0.17
17.644615	-0.58	0.17
17.654586	-0.58	0.17
17.664558	-0.58	0.16
17.674594	-0.58	0.14
17.684460	-0.58	0.16
17.694378	-0.58	0.15
17.704369	-0.57	0.16
17.714226	-0.57	0.17
17.724150	-0.56	0.15
17.734135	-0.57	0.14
17.744120	-0.56	0.14
17.754095	-0.57	0.14
17.764091	-0.57	0.14
17.773928	-0.57	0.14
17.783862	-0.56	0.14
17.793765	-0.57	0.15
17.803748	-0.57	0.16
17.813717	-0.56	0.16
17.823702	-0.56	0.18
17.833671	-0.56	0.18
17.843639	-0.55	0.18
17.853625	-0.55	0.18
17.863591	-0.54	0.19
17.873571	-0.54	0.18
17.883459	-0.54	0.19
17.893357	-0.53	0.19
17.903342	-0.53	0.20
17.913325	-0.53	0.21
17.923298	-0.53	0.21
17.933273	-0.53	0.17
17.943236	-0.54	0.18
17.953086	-0.54	0.18
17.962869	-0.55	0.18
17.972759	-0.55	0.15
17.982613	-0.54	0.16
17.992571	-0.54	0.16
18.002551	-0.53	0.16
18.012521	-0.54	0.17
18.022474	-0.54	0.17
18.032461	-0.55	0.17
18.042428	-0.55	0.17
18.052455	-0.55	0.17
18.062724	-0.55	0.19
18.072721	-0.55	0.18
18.082639	-0.55	0.19
18.092557	-0.55	0.19
18.102550	-0.55	0.19
18.112527	-0.54	0.19
18.122491	-0.55	0.18
18.132475	-0.53	0.18
18.142455	-0.54	0.18
18.152480	-0.53	0.17
18.162463	-0.54	0.17
18.172429	-0.54	0.18
18.182421	-0.54	0.19
18.192175	-0.54	0.19
18.202051	-0.55	0.19
18.211931	-0.55	0.19
18.221815	-0.54	0.19
18.231818	-0.54	0.19
18.241801	-0.54	0.19
18.251764	-0.54	0.20
18.261711	-0.54	0.19
18.271675	-0.53	0.20
18.281626	-0.54	0.20
18.291481	-0.54	0.21
18.301476	-0.54	0.21
18.311451	-0.57	0.21
18.321433	-0.57	0.20
18.331434	-0.57	0.21
18.341417	-0.57	0.20
18.351309	-0.57	0.20
18.361259	-0.58	0.22
18.371254	-0.58	0.22
18.381217	-0.58	0.23
18.391119	-0.58	0.23
18.401003	-0.58	0.23
18.410876	-0.57	0.24
18.420859	-0.58	0.24
18.430827	-0.58	0.24
18.440817	-0.58	0.23
18.450803	-0.57	0.24
18.460706	-0.57	0.25
18.470560	-0.57	0.25
18.480501	-0.57	0.24
18.490414	-0.57	0.24
18.500398	-0.56	0.26
18.510632	-0.56	0.26
18.520615	-0.56	0.25
18.530614	-0.57	0.21
18.540576	-0.57	0.21
18.550563	-0.60	0.23
18.560527	-0.60	0.23
18.570508	-0.60	0.25
18.580483	-0.60	0.25
18.590434	-0.60	0.25
18.600415	-0.60	0.24
18.610308	-0.60	0.24
18.620140	-0.59	0.23
18.630128	-0.59	0.23
18.640119	-0.59	0.22
18.650076	-0.60	0.22
18.660041	-0.58	0.23
18.670032	-0.58	0.23
18.680016	-0.58	0.23
18.689900	-0.59	0.20
18.699876	-0.57	0.20
18.709783	-0.57	0.20
18.719660	-0.57	0.21
18.729655	-0.57	0.22
18.739623	-0.57	0.22
18.749565	-0.60	0.21
18.759534	-0.60	0.21
18.769499	-0.60	0.20
18.779460	-0.59	0.21
18.789317	-0.59	0.21
18.799293	-0.59	0.21
18.809259	-0.59	0.22
18.819205	-0.60	0.23
18.829057	-0.60	0.23
18.839051	-0.60	0.23
18.849015	-0.61	0.23
18.858981	-0.60	0.22
18.868945	-0.60	0.22
18.878929	-0.59	0.22
18.888810	-0.60	0.22
18.898781	-0.60	0.22
18.908759	-0.59	0.22
18.918732	-0.59	0.22
18.928715	-0.59	0.24
18.938698	-0.59	0.24
18.948662	-0.60	0.26
18.958892	-0.60	0.26
18.968698	-0.59	0.25
18.978635	-0.58	0.25
18.988463	-0.58	0.24
18.998272	-0.58	0.24
19.008243	-0.57	0.23
19.018240	-0.58	0.24
19.028200	-0.58	0.24
19.038005	-0.58	0.24
19.048003	-0.58	0.24
19.057971	-0.58	0.22
19.067935	-0.58	0.19
19.077910	-0.57	0.16
19.087800	-0.57	0.18
19.097783	-0.57	0.18
19.107746	-0.57	0.19
19.117722	-0.56	0.19
19.127690	-0.56	0.19
19.137692	-0.56	0.19
19.147687	-0.56	0.20
19.157661	-0.56	0.21
19.167636	-0.55	0.22
19.177609	-0.55	0.23
19.187594	-0.54	0.22
19.197557	-0.54	0.24
19.207515	-0.55	0.24
19.217267	-0.55	0.21
19.227234	-0.56	0.23
19.237211	-0.60	0.23
19.246981	-0.60	0.22
19.256939	-0.60	0.22
19.266988	-0.63	0.22
19.276963	-0.65	0.22
19.286895	-0.64	0.22
19.296888	-0.64	0.22
19.306853	-0.63	0.22
19.316821	-0.63	0.19
19.326804	-0.62	0.16
19.336799	-0.61	0.17
19.346811	-0.62	0.17
19.356828	-0.62	0.17
19.366797	-0.62	0.18
19.376806	-0.62	0.17
19.386688	-0.62	0.18
19.396579	-0.60	0.18
19.406538	-0.60	0.18
19.416877	-0.60	0.20
19.426854	-0.60	0.21
19.436833	-0.60	0.21
19.446808	-0.61	0.22
19.456555	-0.59	0.24
19.466311	-0.59	0.24
19.476268	-0.60	0.24
19.486135	-0.60	0.25
19.496128	-0.60	0.25
19.506105	-0.59	0.25
19.516080	-0.60	0.22
19.526066	-0.61	0.22
19.536061	-0.60	0.22
19.546036	-0.61	0.22
19.556001	-0.61	0.25
19.565965	-0.61	0.25
19.575971	-0.61	0.26
19.585937	-0.61	0.25
19.595889	-0.61	0.25
19.605874	-0.60	0.25
19.615830	-0.60	0.26
19.625822	-0.60	0.28
19.635798	-0.59	0.27
19.645777	-0.60	0.27
19.655760	-0.59	0.25
19.665559	-0.59	0.24
19.675526	-0.59	0.24
19.685487	-0.58	0.26
19.695431	-0.61	0.26
19.705412	-0.61	0.26
19.715206	-0.61	0.25
19.725146	-0.61	0.27
19.735120	-0.61	0.27
19.745087	-0.61	0.26
19.755063	-0.60	0.27
19.765062	-0.61	0.27
19.775037	-0.61	0.23
19.785006	-0.61	0.24
19.794944	-0.62	0.24
19.804912	-0.61	0.24
19.814881	-0.60	0.24
19.824864	-0.60	0.23
19.834845	-0.60	0.23
19.844837	-0.60	0.24
19.854843	-0.60	0.26
19.865110	-0.60	0.26
19.874941	-0.61	0.23
19.884892	-0.60	0.23
19.894852	-0.61	0.21
19.904835	-0.61	0.21
19.914791	-0.62	0.21
19.924760	-0.61	0.20
19.934744	-0.61	0.20
19.944707	-0.61	0.21
19.954679	-0.61	0.20
19.964498	-0.60	0.21
19.974431	-0.59	0.22
19.984389	-0.59	0.22
19.994344	-0.59	0.21
20.004333	-0.59	0.22
20.014322	-0.60	0.22
20.024301	-0.61	0.21
20.034118	-0.61	0.22
20.044063	-0.60	0.21
20.054067	-0.60	0.23
20.064034	-0.60	0.23
20.074011	-0.60	0.25
20.083844	-0.63	0.25
20.093752	-0.62	0.26
20.103750	-0.63	0.26
20.113720	-0.63	0.25
20.123689	-0.63	0.25
20.133664	-0.62	0.25
20.143639	-0.63	0.26
20.153608	-0.63	0.27
20.163560	-0.63	0.26
20.173524	-0.63	0.26
20.183483	-0.63	0.27
20.193475	-0.64	0.26
20.203451	-0.63	0.27
20.213299	-0.64	0.27
20.223193	-0.64	0.28
20.233183	-0.63	0.28
20.243160	-0.63	0.28
20.253176	-0.63	0.30
20.263154	-0.63	0.31
20.273182	-0.63	0.29
20.283167	-0.62	0.29
20.293086	-0.62	0.26
20.302999	-0.61	0.26
20.313263	-0.60	0.26
20.323263	-0.60	0.26
20.333214	-0.60	0.23
20.343186	-0.61	0.23
20.353168	-0.60	0.23
20.363174	-0.60	0.24
20.373190	-0.61	0.24
20.383080	-0.62	0.24
20.393009	-0.61	0.24
20.402874	-0.61	0.24
20.412753	-0.60	0.21
20.422742	-0.60	0.21
20.432605	-0.60	0.22
20.442667	-0.61	0.22
20.452646	-0.63	0.23
20.462516	-0.64	0.22
20.472452	-0.64	0.23
20.482443	-0.63	0.22
20.492482	-0.64	0.23
20.502362	-0.64	0.22
20.512258	-0.65	0.21
20.522236	-0.65	0.19
20.532209	-0.66	0.19
20.542196	-0.67	0.19
20.552164	-0.66	0.20
20.562135	-0.65	0.20
20.572125	-0.65	0.21
20.582104	-0.65	0.22
20.591977	-0.67	0.21
20.601861	-0.66	0.20
20.611855	-0.66	0.19
20.621838	-0.66	0.19
20.631804	-0.66	0.19
20.641792	-0.65	0.20
20.651776	-0.64	0.19
20.661743	-0.63	0.17
20.671773	-0.63	0.16
20.681766	-0.63	0.16
20.691653	-0.64	0.17
20.701511	-0.63	0.17
20.711410	-0.63	0.17
20.721277	-0.63	0.19
20.731260	-0.63	0.19
20.741245	-0.64	0.19
20.751233	-0.64	0.19
20.761478	-0.64	0.19
20.771458	-0.64	0.21
20.781423	-0.63	0.23
20.791332	-0.63	0.23
20.801198	-0.63	0.22
20.811186	-0.63	0.22
20.821176	-0.62	0.22
20.831129	-0.62	0.21
20.841110	-0.62	0.21
20.851073	-0.63	0.22
20.861045	-0.61	0.21
20.871061	-0.61	0.19
20.881061	-0.62	0.19
20.890982	-0.61	0.21
20.900820	-0.62	0.20
20.910844	-0.62	0.21
20.920761	-0.61	0.21
20.930621	-0.60	0.21
20.940614	-0.60	0.21
20.950599	-0.60	0.22
20.960491	-0.60	0.22
20.970368	-0.60	0.22
20.980320	-0.59	0.22
20.990251	-0.58	0.22
21.000083	-0.57	0.23
21.010047	-0.57	0.23
21.020025	-0.58	0.22
21.029987	-0.58	0.23
21.039973	-0.57	0.24
21.049968	-0.58	0.23
21.059933	-0.59	0.24
21.069916	-0.60	0.23
21.079876	-0.60	0.22
21.089848	-0.59	0.22
21.099734	-0.59	0.22
21.109714	-0.59	0.22
21.119691	-0.59	0.21
21.129615	-0.59	0.22
21.139456	-0.59	0.20
21.149452	-0.59	0.22
21.159438	-0.58	0.22
21.169414	-0.58	0.22
21.179377	-0.58	0.24
21.189355	-0.58	0.21
21.199178	-0.58	0.21
21.209115	-0.57	0.21
21.219179	-0.57	0.21
21.229171	-0.57	0.22
21.239159	-0.56	0.22
21.249133	-0.56	0.22
21.259105	-0.56	0.22
21.269089	-0.56	0.20
21.279048	-0.55	0.20
21.289030	-0.59	0.21
21.298838	-0.59	0.22
21.308795	-0.58	0.21
21.318775	-0.58	0.20
21.328738	-0.59	0.20
21.338696	-0.59	0.20
21.348507	-0.59	0.17
21.358462	-0.60	0.17
21.368393	-0.60	0.18
21.378359	-0.60	0.18
21.388338	-0.59	0.19
21.398137	-0.60	0.18
21.408126	-0.60	0.19
21.418092	-0.60	0.16
21.428068	-0.60	0.13
21.438048	-0.61	0.13
21.448025	-0.61	0.15
21.458000	-0.65	0.15
21.467757	-0.65	0.15
21.477739	-0.64	0.14
21.487697	-0.65	0.15
21.497614	-0.65	0.14
21.507583	-0.65	0.14
21.517558	-0.65	0.14
21.527538	-0.65	0.15
21.537511	-0.64	0.17
21.547523	-0.63	0.17
21.557297	-0.62	0.17
21.567283	-0.62	0.18
21.577256	-0.62	0.15
21.587217	-0.62	0.16
21.597050	-0.61	0.18
21.607034	-0.64	0.18
21.617003	-0.64	0.19
21.626992	-0.64	0.18
21.636962	-0.64	0.18
21.646944	-0.64	0.16
21.656928	-0.64	0.18
21.669524	-0.64	0.18
21.679531	-0.64	0.18
21.689508	-0.64	0.19
21.699353	-0.63	0.18
21.709292	-0.63	0.19
21.719112	-0.63	0.18
21.729089	-0.64	0.18
21.739056	-0.64	0.18
21.749042	-0.63	0.15
21.758983	-0.63	0.15
21.768784	-0.63	0.15
21.778760	-0.64	0.15
21.788744	-0.64	0.15
21.798580	-0.64	0.14
21.808572	-0.64	0.15
21.818536	-0.60	0.15
21.828514	-0.60	0.15
21.838490	-0.60	0.15
21.848494	-0.60	0.15
21.858485	-0.59	0.12
21.868456	-0.59	0.12
21.878420	-0.58	0.11
21.888386	-0.58	0.09
21.898321	-0.57	0.09
21.908309	-0.56	0.09
21.918268	-0.59	0.10
21.928246	-0.59	0.09
21.938231	-0.59	0.09
21.948247	-0.60	0.11
21.958208	-0.59	0.08
21.967962	-0.59	0.08
21.977766	-0.59	0.08
21.987752	-0.58	0.07
21.997625	-0.59	0.08
22.007615	-0.59	0.08
22.017580	-0.58	0.08
22.027537	-0.57	0.09
22.037303	-0.57	0.09
22.047300	-0.57	0.09
22.057277	-0.56	0.10
22.067249	-0.57	0.08
22.077219	-0.57	0.09
22.087192	-0.58	0.09
22.097050	-0.57	0.07
22.107052	-0.56	0.07
22.117125	-0.56	0.06
22.127129	-0.56	0.08
22.137106	-0.55	0.08
22.147090	-0.56	0.06
22.157056	-0.56	0.06
22.167019	-0.56	0.06
22.176975	-0.56	0.07
22.186720	-0.56	0.08
22.196903	-0.57	0.08
22.206888	-0.57	0.08
22.216632	-0.57	0.09
22.226579	-0.57	0.09
22.236577	-0.57	0.09
22.246563	-0.56	0.09
22.256538	-0.56	0.09
22.266531	-0.58	0.09
22.276515	-0.57	0.09
22.286495	-0.57	0.09
22.296381	-0.58	0.09
22.306345	-0.58	0.08
22.316305	-0.58	0.08
22.326265	-0.58	0.08
22.336241	-0.58	0.08
22.346217	-0.56	0.09
22.356196	-0.56	0.11
22.366158	-0.54	0.12
22.376133	-0.56	0.12
22.386110	-0.55	0.12
22.395895	-0.55	0.12
22.405864	-0.56	0.12
22.415856	-0.56	0.13
22.425825	-0.56	0.14
22.435802	-0.56	0.14
22.445803	-0.59	0.13
22.455769	-0.58	0.10
22.465593	-0.58	0.10
22.475505	-0.58	0.11
22.485452	-0.58	0.11
22.495408	-0.58	0.11
22.505369	-0.58	0.13
22.515165	-0.57	0.15
22.525784	-0.57	0.15
22.535815	-0.57	0.15
22.545799	-0.57	0.16
22.555781	-0.58	0.13
22.566026	-0.58	0.12
22.576032	-0.58	0.12
22.585998	-0.58	0.13
22.595968	-0.57	0.14
22.605740	-0.57	0.14
22.615708	-0.57	0.14
22.625693	-0.56	0.15
22.635647	-0.56	0.16
22.645630	-0.56	0.17
22.655601	-0.56	0.16
22.665562	-0.55	0.18
22.675553	-0.56	0.16
22.685517	-0.55	0.16
22.695449	-0.56	0.15
22.705409	-0.59	0.15
22.715214	-0.59	0.17
22.725152	-0.59	0.17
22.735116	-0.59	0.17
22.745096	-0.60	0.13
22.755087	-0.59	0.13
22.765067	-0.58	0.13
22.775026	-0.60	0.12
22.784991	-0.59	0.12
22.794946	-0.59	0.12
22.804895	-0.58	0.13
22.814716	-0.61	0.13
22.824692	-0.61	0.13
22.834670	-0.61	0.13
22.844644	-0.61	0.14
22.854626	-0.61	0.13
22.864608	-0.61	0.14
22.874591	-0.61	0.09
22.884570	-0.60	0.09
22.894586	-0.61	0.09
22.904508	-0.60	0.08
22.914492	-0.60	0.08
22.924488	-0.59	0.08
22.934460	-0.59	0.08
22.944442	-0.59	0.08
22.954420	-0.59	0.07
22.964257	-0.58	0.07
22.974179	-0.58	0.05
22.984150	-0.58	0.05
22.994193	-0.58	0.06
23.004147	-0.59	0.06
23.014117	-0.59	0.06
23.024212	-0.58	0.07
23.034156	-0.59	0.07
23.044141	-0.58	0.07
23.054115	-0.62	0.07
23.064088	-0.61	0.07
23.074066	-0.60	0.08
23.084038	-0.59	0.09
23.094014	-0.58	0.10
23.103987	-0.57	0.11
23.113981	-0.57	0.09
23.123955	-0.57	0.08
23.133916	-0.57	0.08
23.143893	-0.56	0.09
23.153869	-0.60	0.10
23.163887	-0.60	0.10
23.173844	-0.59	0.12
23.183874	-0.59	0.12
23.193871	-0.59	0.13
23.203824	-0.58	0.10
23.213653	-0.59	0.11
23.223557	-0.60	0.11
23.233392	-0.58	0.12
23.243295	-0.58	0.12
23.253305	-0.58	0.13
23.263268	-0.58	0.13
23.273253	-0.58	0.14
23.283210	-0.57	0.15
23.293168	-0.58	0.15
23.303129	-0.59	0.15
23.313104	-0.59	0.17
23.323090	-0.59	0.19
23.333054	-0.59	0.19
23.343017	-0.59	0.18
23.352999	-0.59	0.18
23.362957	-0.59	0.19
23.372956	-0.58	0.19
23.382922	-0.58	0.18
23.392885	-0.58	0.18
23.402851	-0.58	0.19
23.412830	-0.59	0.20
23.422818	-0.59	0.22
23.432796	-0.57	0.22
23.442634	-0.57	0.22
23.452579	-0.57	0.22
23.462456	-0.57	0.22
23.472613	-0.57	0.22
23.482590	-0.57	0.23
23.492559	-0.57	0.21
23.502574	-0.57	0.20
23.512540	-0.58	0.20
23.522531	-0.58	0.20
23.532494	-0.58	0.21
23.542470	-0.57	0.20
23.552369	-0.58	0.19
23.562269	-0.58	0.20
23.572272	-0.58	0.20
23.582234	-0.58	0.19
23.592202	-0.58	0.19
23.602156	-0.59	0.21
23.612126	-0.59	0.21
23.622106	-0.59	0.22
23.632087	-0.59	0.22
23.642075	-0.59	0.23
23.651945	-0.58	0.23
23.661883	-0.59	0.23
23.671868	-0.59	0.21
23.681847	-0.59	0.21
23.691821	-0.58	0.21
23.701685	-0.58	0.21
23.711462	-0.59	0.21
23.721325	-0.62	0.21
23.731295	-0.62	0.21
23.741267	-0.62	0.21
23.751278	-0.62	0.21
23.761244	-0.62	0.21
23.771220	-0.62	0.21
23.781176	-0.61	0.20
23.791166	-0.61	0.20
23.801044	-0.59	0.21
23.810890	-0.59	0.20
23.820873	-0.60	0.21
23.830840	-0.58	0.21
23.840807	-0.58	0.21
23.850789	-0.57	0.21
23.860700	-0.56	0.20
23.870574	-0.60	0.20
23.880573	-0.60	0.20
23.890540	-0.60	0.20
23.900459	-0.60	0.22
23.910297	-0.59	0.22
23.920545	-0.59	0.23
23.930526	-0.59	0.20
23.940498	-0.60	0.20
23.950470	-0.59	0.20
23.960391	-0.61	0.20
23.970222	-0.60	0.21
23.980184	-0.60	0.20
23.990207	-0.61	0.21
24.000122	-0.60	0.19
24.009952	-0.60	0.19
24.019944	-0.60	0.20
24.029915	-0.60	0.21
24.039888	-0.60	0.22
24.049853	-0.60	0.24
24.059833	-0.60	0.24
24.069768	-0.60	0.25
24.079604	-0.60	0.25
24.089580	-0.60	0.25
24.099507	-0.60	0.25
24.109329	-0.60	0.26
24.119312	-0.59	0.26
24.129298	-0.58	0.26
24.139266	-0.58	0.26
24.149240	-0.58	0.26
24.159201	-0.58	0.28
24.169159	-0.58	0.28
24.179137	-0.59	0.29
24.189074	-0.58	0.31
24.198857	-0.58	0.31
24.208634	-0.58	0.31
24.218453	-0.58	0.30
24.228402	-0.58	0.30
24.238360	-0.58	0.30
24.248315	-0.58	0.30
24.258313	-0.57	0.32
24.268310	-0.57	0.32
24.278268	-0.57	0.31
24.288061	-0.56	0.31
24.298048	-0.56	0.32
24.307834	-0.59	0.32
24.317798	-0.60	0.32
24.327764	-0.60	0.32
24.337732	-0.60	0.33
24.347711	-0.60	0.34
24.357697	-0.59	0.34
24.367945	-0.62	0.31
24.377928	-0.62	0.31
24.387910	-0.61	0.30
24.397866	-0.61	0.30
24.407677	-0.61	0.31
24.417647	-0.62	0.32
24.427642	-0.61	0.32
24.437621	-0.62	0.32
24.447597	-0.62	0.32
24.457569	-0.61	0.31
24.467329	-0.62	0.32
24.477268	-0.60	0.31
24.487201	-0.61	0.31
24.496992	-0.61	0.31
24.506890	-0.61	0.31
24.516888	-0.61	0.29
24.526848	-0.61	0.30
24.536822	-0.61	0.27
24.546831	-0.61	0.26
24.556841	-0.59	0.26
24.566819	-0.59	0.27
24.576827	-0.57	0.27
24.586846	-0.58	0.27
24.596593	-0.59	0.27
24.606412	-0.58	0.27
24.616370	-0.58	0.27
24.626332	-0.57	0.26
24.636294	-0.58	0.26
24.646294	-0.59	0.25
24.656278	-0.58	0.25
24.666252	-0.58	0.27
24.676217	-0.58	0.24
24.686204	-0.58	0.25
24.696176	-0.58	0.25
24.705945	-0.57	0.25
24.715716	-0.57	0.24
24.725672	-0.57	0.24
24.735646	-0.57	0.25
24.745617	-0.56	0.25
24.755591	-0.56	0.24
24.765557	-0.55	0.21
24.775540	-0.56	0.21
24.785517	-0.56	0.21
24.795497	-0.56	0.22
24.805370	-0.60	0.23
24.815387	-0.60	0.23
24.825630	-0.60	0.25
24.835612	-0.60	0.24
24.845595	-0.63	0.26
24.855589	-0.63	0.23
24.865572	-0.63	0.24
24.875558	-0.63	0.23
24.885522	-0.63	0.23
24.895501	-0.61	0.22
24.905346	-0.61	0.22
24.915215	-0.61	0.21
24.925167	-0.62	0.22
24.935139	-0.61	0.22
24.945110	-0.61	0.22
24.955087	-0.60	0.22
24.964929	-0.60	0.24
24.974851	-0.60	0.23
24.984809	-0.62	0.24
24.994634	-0.61	0.26
25.004531	-0.61	0.26
25.014461	-0.61	0.25
25.024440	-0.62	0.26
25.034411	-0.62	0.23
25.044405	-0.63	0.23
25.054383	-0.62	0.23
25.064377	-0.61	0.23
25.074350	-0.61	0.24
25.084311	-0.61	0.24
25.094276	-0.60	0.24
25.104194	-0.60	0.24
25.114134	-0.61	0.24
25.123971	-0.65	0.24
25.133980	-0.64	0.23
25.143962	-0.65	0.24
25.153939	-0.65	0.21
25.163909	-0.66	0.21
25.173882	-0.66	0.21
25.183866	-0.65	0.22
25.193900	-0.66	0.22
25.203825	-0.65	0.20
25.213594	-0.65	0.20
25.223496	-0.64	0.20
25.233469	-0.63	0.20
25.243451	-0.64	0.19
25.253433	-0.64	0.20
25.263420	-0.64	0.19
25.273673	-0.63	0.20
25.283635	-0.63	0.20
25.293605	-0.64	0.19
25.303547	-0.63	0.18
25.313713	-0.62	0.17
25.323727	-0.61	0.18
25.333570	-0.60	0.19
25.343487	-0.61	0.19
25.353448	-0.60	0.20
25.363422	-0.60	0.21
25.373403	-0.58	0.20
25.383347	-0.59	0.19
25.393309	-0.59	0.19
25.403238	-0.59	0.19
25.413237	-0.59	0.19
25.423216	-0.60	0.20
25.433217	-0.60	0.21
25.443191	-0.60	0.21
25.453167	-0.60	0.23
25.463061	-0.60	0.25
25.472934	-0.60	0.24
25.482880	-0.60	0.24
25.492843	-0.60	0.26
25.502807	-0.60	0.23
25.512696	-0.61	0.23
25.522665	-0.61	0.23
25.532628	-0.61	0.23
25.542463	-0.61	0.25
25.552341	-0.60	0.24
25.562321	-0.60	0.24
25.572315	-0.60	0.24
25.582271	-0.60	0.24
25.592245	-0.61	0.24
25.602234	-0.62	0.23
25.612096	-0.62	0.24
25.622070	-0.62	0.22
25.631949	-0.62	0.23
25.641994	-0.61	0.25
25.651980	-0.62	0.24
25.661969	-0.60	0.24
25.671960	-0.60	0.24
25.681938	-0.60	0.23
25.691930	-0.60	0.23
25.701913	-0.60	0.22
25.711766	-0.60	0.22
25.721940	-0.58	0.24
25.731946	-0.58	0.24
25.741936	-0.58	0.24
25.751823	-0.59	0.24
25.761684	-0.57	0.25
25.771655	-0.57	0.24
25.781605	-0.56	0.24
25.791572	-0.60	0.25
25.801526	-0.60	0.22
25.811404	-0.60	0.23
25.821389	-0.61	0.23
25.831360	-0.61	0.23
25.841320	-0.61	0.23
25.851293	-0.62	0.22
25.861250	-0.62	0.22
25.871224	-0.63	0.21
25.881179	-0.62	0.21
25.891150	-0.61	0.21
25.901095	-0.64	0.22
25.911007	-0.64	0.24
25.920983	-0.64	0.26
25.930948	-0.66	0.26
25.940954	-0.67	0.24
25.950927	-0.67	0.23
25.960837	-0.67	0.23
25.970675	-0.67	0.25
25.980626	-0.67	0.24
25.990653	-0.66	0.24
26.000649	-0.66	0.25
26.010564	-0.66	0.25
26.020551	-0.66	0.24
26.030523	-0.64	0.24
26.040506	-0.63	0.23
26.050481	-0.63	0.24
26.060460	-0.64	0.24
26.070450	-0.64	0.24
26.080414	-0.64	0.24
26.090394	-0.64	0.25
26.100350	-0.64	0.25
26.110261	-0.63	0.25
26.120257	-0.63	0.24
26.130227	-0.63	0.24
26.140212	-0.62	0.25
26.150180	-0.63	0.25
26.160157	-0.63	0.24
26.170354	-0.64	0.24
26.180198	-0.64	0.25
26.190182	-0.64	0.25
26.200146	-0.65	0.25
26.210014	-0.63	0.25
26.219858	-0.63	0.24
26.229852	-0.63	0.25
26.239821	-0.63	0.24
26.249809	-0.61	0.24
26.259776	-0.61	0.20
26.269709	-0.62	0.20
26.279528	-0.61	0.19
26.289520	-0.61	0.20
26.299482	-0.61	0.20
26.309437	-0.61	0.20
26.319470	-0.61	0.21
26.329318	-0.61	0.22
26.339247	-0.60	0.21
26.349172	-0.61	0.20
26.359162	-0.60	0.19
26.369146	-0.60	0.20
26.379089	-0.60	0.19
26.388905	-0.60	0.20
26.398861	-0.61	0.20
26.408791	-0.60	0.20
26.418751	-0.59	0.18
26.428723	-0.59	0.18
26.438701	-0.59	0.18
26.448674	-0.59	0.19
26.458622	-0.59	0.16
26.468435	-0.58	0.16
26.478408	-0.57	0.17
26.488356	-0.57	0.17
26.498319	-0.57	0.17
26.508342	-0.56	0.17
26.518324	-0.55	0.16
26.528299	-0.54	0.17
26.538282	-0.54	0.17
26.548239	-0.54	0.17
26.558259	-0.54	0.18
26.568265	-0.53	0.17
26.578258	-0.54	0.17
26.588222	-0.54	0.18
26.598024	-0.53	0.17
26.607978	-0.53	0.17
26.617954	-0.53	0.17
26.628281	-0.53	0.17
26.638253	-0.53	0.16
26.648248	-0.54	0.18
26.658260	-0.54	0.18
26.668243	-0.54	0.18
26.678046	-0.53	0.17
26.688039	-0.54	0.18
26.698010	-0.54	0.18
26.707915	-0.54	0.18
26.717709	-0.55	0.18
26.727693	-0.55	0.17
26.737670	-0.54	0.17
26.747637	-0.54	0.18
26.757627	-0.53	0.19
26.767610	-0.53	0.20
26.777581	-0.53	0.19
26.787554	-0.52	0.19
26.797540	-0.53	0.20
26.807315	-0.52	0.20
26.817302	-0.52	0.20
26.827277	-0.53	0.20
26.837254	-0.52	0.20
26.847220	-0.53	0.22
26.857201	-0.52	0.22
26.867191	-0.52	0.24
26.877164	-0.52	0.24
26.887132	-0.52	0.22
26.897119	-0.52	0.22
26.907071	-0.51	0.19
26.917053	-0.51	0.20
26.927008	-0.51	0.20
26.936981	-0.47	0.21
26.946953	-0.48	0.21
26.956922	-0.51	0.21
26.966666	-0.51	0.21
26.976606	-0.51	0.21
26.986574	-0.51	0.22
26.996559	-0.52	0.21
27.006536	-0.53	0.22
27.016308	-0.53	0.24
27.026270	-0.53	0.24
27.036237	-0.54	0.24
27.046203	-0.53	0.24
27.056182	-0.53	0.26
27.066154	-0.54	0.26
27.080277	-0.54	0.26
27.090265	-0.52	0.26
27.100244	-0.52	0.27
27.110199	-0.51	0.26
27.120180	-0.53	0.26
27.130147	-0.53	0.26
27.140117	-0.54	0.27
27.150091	-0.53	0.27
27.160047	-0.53	0.27
27.170023	-0.54	0.26
27.180009	-0.54	0.26
27.189983	-0.55	0.25
27.199950	-0.53	0.26
27.209869	-0.53	0.27
27.219656	-0.53	0.28
27.229478	-0.53	0.28
27.239456	-0.53	0.28
27.249428	-0.52	0.28
27.259406	-0.52	0.28
27.269389	-0.52	0.27
27.279359	-0.53	0.27
27.289319	-0.53	0.27
27.299272	-0.54	0.27
27.309210	-0.54	0.26
27.319180	-0.55	0.27
27.329156	-0.54	0.27
27.339124	-0.53	0.27
27.349109	-0.53	0.26
27.359090	-0.53	0.25
27.369063	-0.54	0.25
27.379056	-0.55	0.22
27.389039	-0.58	0.21
27.399013	-0.58	0.21
27.408933	-0.58	0.23
27.418728	-0.58	0.23
27.428686	-0.57	0.23
27.438516	-0.57	0.23
27.448500	-0.57	0.23
27.458441	-0.57	0.22
27.468301	-0.57	0.21
27.478262	-0.58	0.20
27.488252	-0.58	0.19
27.498264	-0.58	0.19
27.508220	-0.57	0.19
27.517999	-0.57	0.20
27.528278	-0.57	0.20
27.538248	-0.57	0.21
27.548235	-0.57	0.20
27.558754	-0.58	0.20
27.568768	-0.58	0.20
27.578758	-0.59	0.20
27.590975	-0.59	0.21
27.601713	-0.58	0.21
27.611638	-0.59	0.23
27.621499	-0.59	0.20
27.631477	-0.59	0.20
27.641379	-0.58	0.20
27.651242	-0.58	0.20
27.661224	-0.58	0.20
27.671211	-0.59	0.21
27.681183	-0.59	0.21
27.691154	-0.60	0.20
27.701123	-0.60	0.20
27.711000	-0.60	0.20
27.720843	-0.61	0.21
27.730813	-0.61	0.20
27.740772	-0.60	0.20
27.750756	-0.60	0.21
27.760708	-0.59	0.22
27.770678	-0.59	0.21
27.780640	-0.59	0.22
27.790618	-0.58	0.24
27.800587	-0.58	0.25
27.810505	-0.57	0.27
27.820466	-0.58	0.28
27.830450	-0.58	0.27
27.840438	-0.56	0.27
27.850334	-0.55	0.25
27.860171	-0.56	0.25
27.870151	-0.56	0.25
27.880111	-0.60	0.25
27.890095	-0.59	0.24
27.900072	-0.63	0.24
27.910017	-0.63	0.23
27.919843	-0.63	0.23
27.929833	-0.62	0.22
27.939809	-0.63	0.24
27.949778	-0.62	0.24
27.959676	-0.62	0.24
27.969500	-0.63	0.24
27.979764	-0.63	0.23
27.989787	-0.64	0.23
27.999765	-0.63	0.23
28.009714	-0.63	0.23
28.019546	-0.64	0.24
28.029493	-0.63	0.24
28.039330	-0.64	0.25
28.049297	-0.64	0.25
28.059223	-0.63	0.25
28.069084	-0.64	0.24
28.079084	-0.63	0.24
28.089072	-0.63	0.25
28.099057	-0.64	0.25
28.109016	-0.67	0.24
28.118809	-0.67	0.24
28.128786	-0.67	0.22
28.138757	-0.67	0.21
28.148722	-0.67	0.21
28.158679	-0.67	0.21
28.168654	-0.66	0.20
28.178636	-0.66	0.21
28.188622	-0.66	0.20
28.198595	-0.66	0.17
28.208539	-0.66	0.17
28.218361	-0.66	0.19
28.228334	-0.67	0.19
28.238312	-0.66	0.19
28.248284	-0.66	0.20
28.258263	-0.65	0.21
28.269679	-0.65	0.21
28.279552	-0.64	0.22
28.289512	-0.64	0.22
28.299323	-0.64	0.21
28.309291	-0.64	0.22
28.319124	-0.64	0.19
28.329101	-0.63	0.20
28.339081	-0.63	0.20
28.349008	-0.63	0.20
28.358803	-0.63	0.19
28.368847	-0.62	0.19
28.378845	-0.62	0.19
28.388833	-0.61	0.19
28.398817	-0.62	0.20
28.408778	-0.63	0.19
28.418571	-0.62	0.16
28.428536	-0.61	0.16
28.438649	-0.61	0.17
28.448634	-0.59	0.17
28.458586	-0.58	0.16
28.468368	-0.58	0.16
28.478311	-0.57	0.17
28.488112	-0.56	0.17
28.498097	-0.55	0.15
28.508086	-0.56	0.16
28.517890	-0.55	0.15
28.527872	-0.55	0.14
28.537856	-0.55	0.13
28.547816	-0.54	0.13
28.557784	-0.54	0.13
28.567755	-0.54	0.14
28.577741	-0.54	0.14
28.587704	-0.54	0.15
28.597672	-0.53	0.16
28.607618	-0.52	0.18
28.617403	-0.52	0.17
28.627385	-0.52	0.17
28.637358	-0.52	0.17
28.647347	-0.53	0.17
28.657312	-0.53	0.18
28.667290	-0.54	0.19
28.677275	-0.54	0.20
28.687259	-0.54	0.20
28.697028	-0.55	0.20
28.707012	-0.54	0.20
28.716754	-0.54	0.20
28.726899	-0.54	0.19
28.736873	-0.54	0.17
28.746843	-0.55	0.14
28.756583	-0.58	0.14
28.766530	-0.59	0.11
28.776529	-0.59	0.11
28.786507	-0.59	0.11
28.796485	-0.59	0.10
28.806455	-0.59	0.09
28.816265	-0.57	0.07
28.826241	-0.57	0.07
28.836237	-0.57	0.08
28.846209	-0.58	0.08
28.856177	-0.58	0.06
28.866153	-0.58	0.03
28.876127	-0.59	0.03
28.886394	-0.59	0.04
28.896368	-0.59	0.04
28.906134	-0.59	0.05
28.916023	-0.58	0.05
28.926094	-0.58	0.02
28.936079	-0.58	-0.01
28.946043	-0.57	-0.03
28.956026	-0.57	-0.02
28.965847	-0.57	-0.01
28.975784	-0.57	0.01
28.985765	-0.58	-0.01
28.995732	-0.58	-0.01
29.005726	-0.57	0.00
29.015579	-0.58	0.00
29.025538	-0.58	-0.01
29.035505	-0.58	-0.01
29.045483	-0.57	0.01
29.055460	-0.57	0.02
29.065435	-0.56	-0.00
29.075423	-0.57	0.02
29.085390	-0.56	0.03
29.095369	-0.57	0.01
29.105347	-0.56	-0.01
29.115139	-0.56	-0.00
29.125101	-0.55	0.01
29.135086	-0.56	0.00
29.145068	-0.55	-0.00
29.155064	-0.56	-0.00
29.165042	-0.55	0.01
29.175011	-0.55	0.02
29.184993	-0.55	0.02
29.194962	-0.56	0.05
29.204940	-0.55	0.04
29.214750	-0.56	0.05
29.224702	-0.56	0.05
29.234660	-0.55	0.06
29.244636	-0.54	0.06
29.254602	-0.54	0.07
29.264617	-0.54	0.07
29.274578	-0.54	0.06
29.284618	-0.55	0.07
29.294597	-0.55	0.07
29.304612	-0.55	0.07
29.314509	-0.56	0.08
29.324274	-0.55	0.07
29.334473	-0.55	0.08
29.344474	-0.55	0.09
29.354461	-0.53	0.08
29.364436	-0.54	0.08
29.374407	-0.52	0.08
29.384392	-0.53	0.09
29.394350	-0.53	0.10
29.404342	-0.53	0.10
29.414253	-0.53	0.08
29.424187	-0.52	0.08
29.434157	-0.53	0.09
29.444112	-0.54	0.10
29.454073	-0.54	0.10
29.463893	-0.55	0.10
29.473809	-0.54	0.10
29.483760	-0.53	0.08
29.493727	-0.53	0.08
29.503709	-0.54	0.09
29.513652	-0.54	0.06
29.523555	-0.53	0.07
29.533403	-0.54	0.08
29.543309	-0.54	0.08
29.553287	-0.55	0.10
29.563257	-0.55	0.12
29.573229	-0.55	0.11
29.583198	-0.55	0.11
29.593171	-0.53	0.11
29.603127	-0.54	0.12
29.613075	-0.55	0.11
29.622955	-0.54	0.13
29.632944	-0.55	0.14
29.642916	-0.56	0.13
29.652889	-0.56	0.15
29.662862	-0.55	0.15
29.672835	-0.55	0.15
29.682823	-0.54	0.17
29.692796	-0.55	0.15
29.702777	-0.53	0.16
29.712638	-0.54	0.17
29.722595	-0.55	0.18
29.732582	-0.54	0.18
29.742433	-0.54	0.18
29.752324	-0.54	0.18
29.762311	-0.54	0.18
29.772282	-0.54	0.15
29.782261	-0.52	0.12
29.792381	-0.53	0.12
29.802261	-0.52	0.13
29.812269	-0.52	0.15
29.822148	-0.51	0.15
29.832130	-0.52	0.16
29.842097	-0.52	0.16
29.852051	-0.51	0.16
29.862018	-0.52	0.16
29.871996	-0.56	0.18
29.882000	-0.56	0.17
29.891986	-0.56	0.17
29.901959	-0.55	0.17
29.911944	-0.55	0.17
29.921878	-0.53	0.18
29.931869	-0.54	0.18
29.941836	-0.54	0.18
29.951692	-0.54	0.18
29.961470	-0.54	0.17
29.971325	-0.54	0.16
29.981276	-0.54	0.17
29.991231	-0.55	0.18
30.001216	-0.55	0.17
30.011172	-0.54	0.17
30.021167	-0.55	0.18
30.031135	-0.56	0.18
30.041114	-0.56	0.18
30.051089	-0.56	0.19
30.061091	-0.56	0.19
30.071114	-0.56	0.19
30.081107	-0.56	0.19
30.091083	-0.56	0.19
30.101089	-0.55	0.22
30.111064	-0.56	0.22
30.120974	-0.56	0.22
30.130936	-0.54	0.22
30.140913	-0.53	0.21
30.150885	-0.54	0.21
30.160815	-0.54	0.20
30.170669	-0.52	0.22
30.180663	-0.51	0.23
30.190647	-0.51	0.21
30.200614	-0.51	0.21
30.210517	-0.52	0.22
30.220478	-0.52	0.21
30.230458	-0.51	0.21
30.240706	-0.51	0.18
30.250679	-0.51	0.18
30.260661	-0.51	0.18
30.270623	-0.51	0.19
30.280600	-0.51	0.18
30.290590	-0.50	0.19
30.300578	-0.50	0.20
30.310556	-0.51	0.20
30.320526	-0.52	0.20
30.330512	-0.53	0.18
30.340494	-0.53	0.17
30.350451	-0.52	0.17
30.360419	-0.52	0.17
30.370336	-0.52	0.17
30.380170	-0.52	0.16
30.390149	-0.52	0.16
30.400119	-0.52	0.16
30.410092	-0.52	0.16
30.420010	-0.52	0.17
30.429942	-0.51	0.17
30.439912	-0.51	0.18
30.449908	-0.52	0.18
30.459824	-0.52	0.17
30.469704	-0.53	0.18
30.479668	-0.53	0.20
30.489702	-0.53	0.21
30.499689	-0.52	0.21
30.509680	-0.53	0.22
30.519618	-0.53	0.22
30.529573	-0.54	0.21
30.539559	-0.53	0.23
30.549530	-0.54	0.23
30.559531	-0.55	0.21
30.569512	-0.54	0.18
30.579442	-0.55	0.17
30.589270	-0.55	0.17
30.599261	-0.55	0.17
30.609222	-0.56	0.18
30.619152	-0.56	0.19
30.629153	-0.55	0.19
30.639132	-0.56	0.18
30.649116	-0.55	0.18
30.659086	-0.54	0.18
30.669074	-0.54	0.19
30.679047	-0.55	0.19
30.689340	-0.55	0.19
30.699334	-0.55	0.19
30.709246	-0.56	0.19
30.719099	-0.57	0.19
30.729061	-0.56	0.19
30.739040	-0.56	0.19
30.749016	-0.56	0.19
30.758973	-0.56	0.17
30.768979	-0.57	0.17
30.778959	-0.57	0.15
30.788963	-0.59	0.15
30.798780	-0.59	0.15
30.808775	-0.58	0.15
30.818730	-0.58	0.16
30.828674	-0.58	0.17
30.838497	-0.59	0.16
30.848486	-0.60	0.17
30.858473	-0.60	0.17
30.868444	-0.59	0.17
30.878399	-0.62	0.18
30.888396	-0.62	0.18
30.898382	-0.61	0.17
30.908353	-0.61	0.19
30.918364	-0.60	0.20
30.928339	-0.61	0.20
30.938302	-0.61	0.20
30.948253	-0.61	0.20
30.958258	-0.60	0.21
30.968039	-0.60	0.19
30.977995	-0.60	0.20
30.987965	-0.60	0.20
30.997737	-0.59	0.21
31.007674	-0.59	0.22
31.017663	-0.59	0.22
31.027656	-0.59	0.22
31.037634	-0.60	0.22
31.047613	-0.58	0.24
31.057593	-0.58	0.24
31.067563	-0.59	0.25
31.077551	-0.59	0.24
31.087583	-0.59	0.25
31.097560	-0.59	0.26
31.107558	-0.59	0.28
31.117637	-0.59	0.28
31.127634	-0.60	0.28
31.137627	-0.60	0.26
31.147874	-0.60	0.25
31.157848	-0.60	0.25
31.167806	-0.60	0.25
31.177768	-0.60	0.27
31.187749	-0.60	0.27
31.197730	-0.60	0.27
31.207692	-0.59	0.26
31.217447	-0.59	0.27
31.227220	-0.59	0.27
31.237208	-0.59	0.26
31.247175	-0.59	0.28
31.257147	-0.59	0.29
31.267120	-0.59	0.29
31.277107	-0.62	0.28
31.287092	-0.62	0.28
31.297062	-0.62	0.28
31.307030	-0.62	0.26
31.316992	-0.62	0.26
31.326729	-0.62	0.23
31.336878	-0.61	0.24
31.346844	-0.61	0.23
31.356872	-0.62	0.23
31.366877	-0.60	0.23
31.376857	-0.60	0.23
31.386880	-0.60	0.21
31.396854	-0.60	0.22
31.406877	-0.61	0.23
31.416880	-0.60	0.19
31.426621	-0.60	0.20
31.436584	-0.60	0.20
31.446555	-0.60	0.19
31.456536	-0.63	0.19
31.466319	-0.63	0.19
31.476258	-0.63	0.19
31.486210	-0.65	0.20
31.496161	-0.65	0.20
31.506140	-0.65	0.20
31.516104	-0.68	0.20
31.525884	-0.68	0.17
31.535838	-0.68	0.18
31.545799	-0.68	0.16
31.555776	-0.69	0.17
31.565768	-0.68	0.17
31.575729	-0.67	0.17
31.585716	-0.67	0.17
31.595939	-0.67	0.17
31.605919	-0.65	0.18
31.615883	-0.65	0.18
31.625687	-0.65	0.19
31.635448	-0.64	0.19
31.645446	-0.63	0.20
31.655419	-0.63	0.20
31.665395	-0.63	0.20
31.675376	-0.63	0.17
31.685355	-0.64	0.18
31.695337	-0.63	0.17
31.705327	-0.62	0.17
31.715121	-0.63	0.17
31.724919	-0.61	0.17
31.734850	-0.61	0.18
31.744824	-0.61	0.19
31.754804	-0.60	0.16
31.764777	-0.59	0.16
31.774740	-0.59	0.17
31.784706	-0.60	0.16
31.794682	-0.60	0.17
31.804674	-0.61	0.19
31.814652	-0.61	0.20
31.824496	-0.61	0.20
31.834406	-0.63	0.20
31.844249	-0.63	0.20
31.854184	-0.62	0.20
31.864164	-0.62	0.21
31.874009	-0.61	0.21
31.884112	-0.60	0.22
31.894107	-0.60	0.23
31.904080	-0.60	0.22
31.914055	-0.61	0.21
31.923919	-0.61	0.22
31.933851	-0.61	0.22
31.943807	-0.61	0.23
31.953790	-0.61	0.24
31.963652	-0.61	0.22
31.973541	-0.61	0.22
31.983506	-0.61	0.23
31.993485	-0.60	0.24
32.003473	-0.60	0.24
32.013435	-0.63	0.24
32.023344	-0.63	0.24
32.033286	-0.61	0.24
32.043540	-0.62	0.25
32.053388	-0.61	0.27
32.063335	-0.61	0.27
32.073330	-0.62	0.26
32.083299	-0.61	0.26
32.093296	-0.61	0.26
32.103268	-0.61	0.26
32.113246	-0.60	0.26
32.123143	-0.60	0.27
32.133028	-0.60	0.26
32.143013	-0.61	0.26
32.152983	-0.61	0.26
32.162999	-0.60	0.25
32.172966	-0.59	0.25
32.182931	-0.59	0.26
32.192905	-0.59	0.25
32.202884	-0.60	0.25
32.212727	-0.59	0.25
32.222557	-0.59	0.26
32.232530	-0.58	0.26
32.242509	-0.59	0.27
32.252517	-0.59	0.26
32.262411	-0.59	0.27
32.272314	-0.58	0.27
32.282281	-0.58	0.27
32.292254	-0.57	0.27
32.302225	-0.56	0.27
32.312185	-0.56	0.25
32.322128	-0.56	0.25
32.332001	-0.56	0.25
32.342001	-0.56	0.25
32.351978	-0.57	0.24
32.362438	-0.58	0.23
32.372350	-0.58	0.24
32.382229	-0.58	0.24
32.392130	-0.59	0.26
32.402120	-0.59	0.25
32.412088	-0.60	0.25
32.422039	-0.60	0.27
32.431909	-0.60	0.26
32.441880	-0.60	0.26
32.451844	-0.60	0.26
32.461723	-0.59	0.25
32.471494	-0.59	0.25
32.481349	-0.59	0.24
32.496691	-0.58	0.24
32.506762	-0.58	0.25
32.516594	-0.58	0.25
32.526429	-0.58	0.25
32.536412	-0.58	0.25
32.546376	-0.58	0.25
32.556339	-0.58	0.26
32.566299	-0.58	0.26
32.576260	-0.58	0.25
32.586239	-0.58	0.25
32.596012	-0.59	0.26
32.607003	-0.58	0.26
32.617190	-0.59	0.26
32.627104	-0.57	0.26
32.637098	-0.57	0.24
32.647062	-0.56	0.26
32.657039	-0.56	0.25
32.667000	-0.56	0.26
32.676957	-0.56	0.26
32.686701	-0.59	0.26
32.696675	-0.59	0.26
32.706642	-0.58	0.26
32.716420	-0.58	0.26
32.726275	-0.57	0.25
32.736230	-0.57	0.25
32.746206	-0.57	0.24
32.756181	-0.57	0.23
32.766153	-0.56	0.23
32.776141	-0.57	0.24
32.786121	-0.56	0.23
32.796088	-0.56	0.25
32.806071	-0.56	0.26
32.816045	-0.57	0.27
32.825980	-0.57	0.28
32.835956	-0.56	0.29
32.845913	-0.56	0.30
32.855892	-0.56	0.30
32.865876	-0.57	0.30
32.875860	-0.56	0.30
32.885830	-0.56	0.32
32.895635	-0.56	0.32
32.905594	-0.55	0.32
32.915392	-0.55	0.29
32.925477	-0.54	0.26
32.935422	-0.54	0.27
32.945704	-0.54	0.26
32.955699	-0.53	0.26
32.965481	-0.52	0.26
32.975409	-0.51	0.26
32.985348	-0.54	0.28
32.995307	-0.53	0.28
33.005337	-0.54	0.30
33.015319	-0.54	0.32
33.025259	-0.54	0.32
33.035194	-0.53	0.32
33.045182	-0.53	0.32
33.055171	-0.53	0.32
33.065138	-0.54	0.31
33.075114	-0.52	0.31
33.085086	-0.52	0.30
33.095074	-0.53	0.30
33.104905	-0.53	0.30
33.114831	-0.51	0.32
33.124774	-0.51	0.33
33.134710	-0.51	0.33
33.144678	-0.50	0.33
33.154655	-0.51	0.33
33.164632	-0.51	0.35
33.174617	-0.52	0.35
33.184653	-0.52	0.35
33.194624	-0.51	0.35
33.204639	-0.51	0.34
33.214442	-0.52	0.33
33.224344	-0.50	0.32
33.234269	-0.49	0.31
33.244231	-0.52	0.31
33.254208	-0.53	0.27
33.264177	-0.54	0.29
33.274151	-0.55	0.27
33.284121	-0.54	0.27
33.294099	-0.54	0.27
33.304090	-0.54	0.26
33.313921	-0.54	0.25
33.323814	-0.54	0.25
33.333699	-0.55	0.25
33.343647	-0.54	0.25
33.353578	-0.54	0.24
33.363541	-0.54	0.24
33.373507	-0.55	0.21
33.383471	-0.55	0.21
33.393428	-0.55	0.19
33.403691	-0.56	0.21
33.413680	-0.56	0.21
33.423660	-0.55	0.21
33.433575	-0.55	0.20
33.443559	-0.56	0.20
33.453533	-0.56	0.19
33.463369	-0.56	0.20
33.473227	-0.56	0.19
33.483191	-0.56	0.20
33.493257	-0.57	0.20
33.503246	-0.56	0.20
33.513211	-0.57	0.21
33.523104	-0.58	0.21
33.533028	-0.58	0.21
33.543008	-0.59	0.21
33.552982	-0.59	0.21
33.562975	-0.59	0.21
33.572950	-0.59	0.20
33.582909	-0.60	0.20
33.592875	-0.60	0.20
33.602849	-0.59	0.20
33.612803	-0.60	0.21
33.622765	-0.60	0.23
33.632698	-0.59	0.23
33.642680	-0.59	0.23
33.652648	-0.54	0.21
33.662634	-0.58	0.21
33.672618	-0.61	0.24
33.682599	-0.62	0.23
33.692570	-0.60	0.17
33.702546	-0.54	0.08
33.712414	-0.53	0.06
33.722308	-0.54	0.04
33.732133	-0.58	0.06
33.742023	-0.61	0.10
33.752022	-0.60	0.09
33.761996	-0.56	0.04
33.771977	-0.54	0.04
33.781946	-0.53	0.06
33.791922	-0.55	0.08
33.801902	-0.57	0.09
33.811870	-0.57	0.09
33.821846	-0.57	0.09
33.831876	-0.56	0.08
33.841866	-0.57	0.07
33.852103	-0.58	0.06
33.862100	-0.59	0.08
33.872071	-0.58	0.08
33.882026	-0.60	0.11
33.892003	-0.61	0.15
33.901989	-0.64	0.17
33.911970	-0.64	0.17
33.921952	-0.67	0.20
33.931917	-0.68	0.25
33.941813	-0.66	0.24
33.951572	-0.63	0.23
33.961356	-0.64	0.24
33.971221	-0.65	0.25
33.981175	-0.66	0.27
33.991124	-0.66	0.27
34.001099	-0.66	0.26
34.011098	-0.65	0.25
34.021082	-0.64	0.25
34.030952	-0.63	0.26
34.040813	-0.62	0.26
34.050792	-0.64	0.26
34.060767	-0.64	0.24
34.070746	-0.61	0.21
34.080733	-0.57	0.17
34.090704	-0.53	0.14
34.100667	-0.52	0.11
34.110648	-0.54	0.09
34.120618	-0.55	0.09
34.130582	-0.56	0.12
34.140591	-0.55	0.14
34.150507	-0.53	0.13
34.160506	-0.52	0.11
34.170489	-0.50	0.13
34.180459	-0.53	0.14
34.190447	-0.54	0.16
34.200415	-0.55	0.16
34.210329	-0.55	0.15
34.220159	-0.54	0.13
34.230095	-0.54	0.12
34.240059	-0.55	0.14
34.250034	-0.56	0.15
34.260002	-0.57	0.16
34.269960	-0.57	0.16
34.279945	-0.56	0.16
34.290189	-0.55	0.12
34.300184	-0.54	0.14
34.310182	-0.54	0.16
34.320154	-0.56	0.18
34.330116	-0.57	0.16
34.340086	-0.60	0.16
34.350068	-0.63	0.16
34.359978	-0.64	0.16
34.369830	-0.65	0.17
34.379810	-0.65	0.18
34.389784	-0.66	0.19
34.399770	-0.65	0.21
34.409756	-0.65	0.21
34.419723	-0.64	0.21
34.429778	-0.64	0.21
34.439758	-0.63	0.20
34.449715	-0.63	0.19
34.459665	-0.63	0.20
34.469488	-0.63	0.19
34.479426	-0.63	0.17
34.489348	-0.63	0.17
34.499323	-0.63	0.18
34.509304	-0.62	0.17
34.519279	-0.62	0.14
34.529251	-0.61	0.11
34.539224	-0.61	0.11
34.549195	-0.60	0.11
34.559164	-0.60	0.11
34.569090	-0.60	0.11
34.578913	-0.60	0.11
34.588878	-0.60	0.10
34.598681	-0.60	0.10
34.608673	-0.60	0.09
34.618660	-0.61	0.10
34.628636	-0.60	0.09
34.638639	-0.60	0.12
34.648615	-0.60	0.13
34.658592	-0.61	0.13
34.668567	-0.61	0.17
34.678547	-0.63	0.24
34.688530	-0.63	0.29
34.698501	-0.63	0.31
34.708469	-0.63	0.30
34.718304	-0.61	0.29
34.728248	-0.62	0.29
34.738405	-0.62	0.30
34.748430	-0.64	0.32
34.758412	-0.63	0.31
34.768402	-0.63	0.30
34.778330	-0.61	0.29
34.788134	-0.61	0.30
34.798115	-0.62	0.31
34.808085	-0.65	0.33
34.818065	-0.63	0.33
34.828018	-0.62	0.33
34.837814	-0.60	0.32
34.847786	-0.60	0.32
34.857767	-0.61	0.31
34.867733	-0.62	0.32
34.877707	-0.62	0.33
34.887689	-0.63	0.33
34.897652	-0.62	0.33
34.907658	-0.63	0.34
34.917644	-0.62	0.34
34.927614	-0.63	0.35
34.937371	-0.63	0.36
34.947351	-0.63	0.38
34.957340	-0.62	0.35
34.967106	-0.60	0.36
34.977070	-0.61	0.35
34.987031	-0.60	0.34
34.996797	-0.61	0.35
35.007142	-0.60	0.36
35.017139	-0.60	0.37
35.027114	-0.60	0.37
35.036967	-0.59	0.38
35.046956	-0.58	0.38
35.056929	-0.62	0.37
35.066908	-0.62	0.37
35.076895	-0.62	0.36
35.086869	-0.63	0.35
35.096813	-0.63	0.35
35.106867	-0.64	0.35
35.116815	-0.63	0.35
35.126864	-0.63	0.35
35.136636	-0.62	0.35
35.146590	-0.61	0.35
35.156575	-0.61	0.36
35.166542	-0.65	0.36
35.176521	-0.65	0.36
35.186887	-0.65	0.34
35.196872	-0.65	0.33
35.206619	-0.64	0.30
35.216374	-0.66	0.29
35.226348	-0.66	0.30
35.236148	-0.66	0.30
35.246146	-0.65	0.30
35.256136	-0.66	0.31
35.266108	-0.65	0.31
35.276068	-0.64	0.32
35.286047	-0.64	0.33
35.296052	-0.65	0.33
35.306016	-0.65	0.32
35.316039	-0.66	0.32
35.326057	-0.68	0.32
35.335882	-0.69	0.32
35.345838	-0.70	0.32
35.355823	-0.70	0.33
35.365806	-0.69	0.35
35.375779	-0.69	0.35
35.385747	-0.68	0.34
35.395725	-0.69	0.33
35.405681	-0.70	0.32
35.415486	-0.70	0.32
35.425459	-0.69	0.33
35.435299	-0.69	0.32
35.445243	-0.68	0.31
35.455231	-0.68	0.28
35.465045	-0.68	0.2