
0.009829	-0.26	0.79
0.019581	-0.29	0.80
0.029599	-0.31	0.81
0.039576	-0.33	0.81
0.049559	-0.36	0.81
0.059534	-0.39	0.82
0.069509	-0.43	0.83
0.079503	-0.46	0.84
0.089480	-0.49	0.84
0.099442	-0.51	0.83
0.109398	-0.53	0.83
0.119171	-0.56	0.84
0.129173	-0.59	0.85
0.139148	-0.62	0.86
0.149125	-0.65	0.86
0.159086	-0.68	0.88
0.169041	-0.70	0.87
0.179021	-0.73	0.86
0.188997	-0.76	0.87
0.198941	-0.79	0.87
0.208744	-0.81	0.87
0.218492	-0.82	0.86
0.228474	-0.85	0.84
0.238439	-0.85	0.83
0.248410	-0.86	0.82
0.258376	-0.89	0.82
0.268328	-0.92	0.83
0.278290	-0.94	0.83
0.288254	-0.95	0.82
0.298208	-0.98	0.81
0.308174	-1.00	0.81
0.317941	-1.02	0.81
0.327746	-1.05	0.81
0.337702	-1.07	0.81
0.347688	-1.08	0.82
0.357646	-1.11	0.82
0.367604	-1.12	0.81
0.377565	-1.15	0.80
0.387543	-1.17	0.80
0.397521	-1.19	0.80
0.407492	-1.21	0.80
0.417278	-1.24	0.80
0.427259	-1.25	0.80
0.437232	-1.26	0.77
0.447554	-1.28	0.77
0.457349	-1.29	0.77
0.467288	-1.31	0.76
0.477253	-1.33	0.76
0.487205	-1.34	0.76
0.497137	-1.36	0.75
0.507131	-1.38	0.75
0.516974	-1.39	0.75
0.526908	-1.41	0.75
0.536724	-1.42	0.74
0.546671	-1.43	0.74
0.556677	-1.45	0.74
0.566664	-1.46	0.74
0.576630	-1.48	0.73
0.586606	-1.48	0.75
0.596570	-1.50	0.75
0.606525	-1.51	0.75
0.616339	-1.52	0.75
0.626262	-1.53	0.75
0.636246	-1.54	0.75
0.646211	-1.54	0.74
0.656173	-1.55	0.73
0.666137	-1.55	0.73
0.676087	-1.55	0.73
0.686059	-1.55	0.72
0.695880	-1.56	0.72
0.705819	-1.57	0.72
0.715659	-1.58	0.72
0.725588	-1.58	0.72
0.735545	-1.57	0.72
0.745393	-1.58	0.72
0.755301	-1.59	0.72
0.765279	-1.59	0.71
0.775254	-1.58	0.71
0.785221	-1.58	0.70
0.795190	-1.57	0.70
0.805154	-1.57	0.70
0.815010	-1.57	0.69
0.824902	-1.57	0.68
0.834881	-1.56	0.67
0.844847	-1.58	0.66
0.854821	-1.59	0.66
0.864801	-1.58	0.66
0.874778	-1.59	0.66
0.884750	-1.58	0.66
0.894982	-1.58	0.66
0.904940	-1.57	0.66
0.914809	-1.56	0.65
0.924718	-1.56	0.64
0.934695	-1.55	0.64
0.944666	-1.55	0.64
0.954525	-1.55	0.62
0.964445	-1.55	0.62
0.974389	-1.54	0.64
0.984352	-1.54	0.64
0.994324	-1.54	0.65
1.004337	-1.53	0.65
1.014233	-1.52	0.66
1.024121	-1.52	0.65
1.034118	-1.51	0.65
1.044077	-1.51	0.65
1.054044	-1.49	0.65
1.064032	-1.48	0.63
1.074006	-1.46	0.62
1.083983	-1.46	0.61
1.093953	-1.45	0.59
1.103933	-1.44	0.58
1.113827	-1.42	0.56
1.123736	-1.42	0.54
1.133714	-1.42	0.51
1.143690	-1.46	0.47
1.153650	-1.39	0.34
1.163510	-1.39	0.30
1.173383	-1.38	0.35
1.183380	-1.41	0.42
1.193360	-1.40	0.47
1.203238	-1.40	0.49
1.213063	-1.37	0.51
1.223008	-1.30	0.45
1.232984	-1.27	0.42
1.242966	-1.29	0.41
1.252923	-1.32	0.43
1.262943	-1.34	0.40
1.272912	-1.33	0.39
1.282931	-1.30	0.36
1.292933	-1.29	0.36
1.302946	-1.28	0.37
1.312888	-1.27	0.39
1.322726	-1.26	0.40
1.332711	-1.25	0.40
1.342956	-1.24	0.36
1.352922	-1.22	0.35
1.362959	-1.22	0.34
1.372843	-1.22	0.34
1.382704	-1.21	0.34
1.392680	-1.20	0.34
1.402651	-1.20	0.34
1.412616	-1.19	0.33
1.422461	-1.19	0.35
1.432447	-1.20	0.35
1.442421	-1.19	0.32
1.452322	-1.18	0.33
1.462153	-1.18	0.32
1.472116	-1.17	0.31
1.482068	-1.15	0.32
1.492043	-1.13	0.33
1.502004	-1.13	0.35
1.511963	-1.16	0.34
1.521797	-1.14	0.34
1.531778	-1.14	0.33
1.541751	-1.14	0.32
1.551727	-1.13	0.32
1.561700	-1.15	0.32
1.571672	-1.15	0.31
1.581599	-1.13	0.27
1.591414	-1.13	0.28
1.601391	-1.13	0.28
1.611370	-1.12	0.28
1.621225	-1.11	0.25
1.631203	-1.10	0.26
1.641185	-1.09	0.26
1.651156	-1.09	0.26
1.661125	-1.08	0.26
1.671087	-1.06	0.25
1.681052	-1.06	0.24
1.691027	-1.05	0.24
1.700964	-1.04	0.23
1.710831	-1.04	0.20
1.720660	-1.03	0.20
1.730629	-1.02	0.18
1.740416	-1.01	0.17
1.750385	-1.01	0.18
1.760362	-1.00	0.17
1.770316	-1.00	0.17
1.780300	-1.01	0.18
1.790506	-0.96	0.18
1.800336	-0.95	0.18
1.810320	-0.95	0.17
1.820214	-0.95	0.18
1.830209	-0.94	0.18
1.840167	-0.94	0.18
1.850149	-0.92	0.18
1.860105	-0.92	0.19
1.870136	-0.93	0.18
1.880112	-0.93	0.19
1.890126	-0.93	0.19
1.900123	-0.93	0.19
1.910132	-0.92	0.20
1.919984	-0.91	0.19
1.929975	-0.91	0.20
1.939947	-0.91	0.19
1.949909	-0.91	0.19
1.959683	-0.90	0.18
1.969654	-0.89	0.17
1.979626	-0.89	0.17
1.989600	-0.89	0.17
1.999549	-0.88	0.14
2.009333	-0.88	0.15
2.019214	-0.87	0.14
2.029225	-0.87	0.14
2.039193	-0.86	