
0.009953	-0.95	0.76
0.019865	-0.98	0.78
0.029628	-1.01	0.78
0.039493	-1.03	0.78
0.050496	-1.06	0.77
0.060375	-1.08	0.77
0.070293	-1.12	0.78
0.080066	-1.15	0.79
0.089960	-1.19	0.81
0.099939	-1.21	0.82
0.109904	-1.23	0.81
0.119880	-1.25	0.81
0.129848	-1.27	0.81
0.139848	-1.30	0.82
0.149844	-1.33	0.83
0.159849	-1.36	0.84
0.169855	-1.38	0.84
0.179807	-1.40	0.84
0.189566	-1.42	0.84
0.199409	-1.45	0.85
0.209389	-1.48	0.86
0.219377	-1.50	0.87
0.229343	-1.51	0.85
0.239320	-1.51	0.83
0.249229	-1.53	0.82
0.259062	-1.56	0.82
0.269006	-1.58	0.83
0.278798	-1.61	0.83
0.288612	-1.63	0.82
0.298592	-1.64	0.82
0.308556	-1.65	0.82
0.318529	-1.68	0.82
0.328513	-1.70	0.82
0.338479	-1.72	0.82
0.348441	-1.74	0.81
0.358443	-1.75	0.80
0.368443	-1.76	0.80
0.378406	-1.78	0.77
0.388195	-1.78	0.78
0.398136	-1.80	0.77
0.407949	-1.81	0.77
0.417947	-1.82	0.75
0.427912	-1.84	0.77
0.437882	-1.86	0.77
0.448220	-1.87	0.77
0.458185	-1.88	0.77
0.468158	-1.89	0.77
0.478114	-1.90	0.76
0.487909	-1.91	0.76
0.497888	-1.93	0.76
0.507835	-1.92	0.76
0.517773	-1.92	0.76
0.527556	-1.93	0.77
0.537535	-1.93	0.77
0.547496	-1.94	0.78
0.557455	-1.96	0.77
0.567422	-1.95	0.79
0.577380	-1.95	0.77
0.587175	-1.96	0.77
0.597142	-1.96	0.77
0.607095	-1.96	0.78
0.616852	-1.96	0.78
0.626847	-1.97	0.78
0.636807	-1.98	0.78
0.646777	-1.98	0.77
0.656548	-1.98	0.77
0.666535	-1.98	0.76
0.676494	-1.98	0.76
0.686405	-1.98	0.76
0.696387	-2.00	0.75
0.706353	-1.99	0.72
0.716345	-1.99	0.72
0.726340	-2.00	0.72
0.736334	-2.00	0.72
0.746337	-1.98	0.71
0.756337	-1.98	0.71
0.766310	-1.98	0.71
0.776046	-1.98	0.71
0.785849	-1.97	0.71
0.795807	-1.97	0.71
0.805787	-1.97	0.71
0.815748	-1.96	0.69
0.825536	-1.95	0.69
0.835553	-1.94	0.68
0.845509	-1.91	0.67
0.855456	-1.93	0.67
0.865401	-1.94	0.67
0.875343	-1.96	0.65
0.885170	-1.97	0.65
0.895397	-1.96	0.65
0.905361	-1.94	0.64
0.915322	-1.93	0.62
0.925257	-1.91	0.61
0.935201	-1.91	0.59
0.945141	-1.89	0.59
0.955088	-1.87	0.57
0.965014	-1.86	0.57
0.974970	-1.87	0.58
0.984815	-1.86	0.57
0.994837	-1.85	0.57
1.004800	-1.81	0.56
1.014779	-1.79	0.55
1.024627	-1.79	0.55
1.034378	-1.77	0.56
1.044316	-1.80	0.56
1.054296	-1.81	0.54
1.064261	-1.80	0.54
1.074222	-1.79	0.53
1.084089	-1.77	0.53
1.093999	-1.76	0.53
1.103976	-1.75	0.54
1.113944	-1.74	0.53
1.123912	-1.73	0.54
1.133870	-1.74	0.56
1.143831	-1.73	0.56
1.153823	-1.71	0.56
1.163788	-1.70	0.56
1.173755	-1.69	0.57
1.183628	-1.68	0.56
1.193541	-1.67	0.55
1.203517	-1.68	0.56
1.213500	-1.67	0.55
1.223459	-1.66	0.55
1.233442	-1.65	0.54
1.243267	-1.63	0.55
1.253170	-1.62	0.54
1.263150	-1.61	0.54
1.272982	-1.59	0.54
1.282826	-1.58	0.54
1.292748	-1.57	0.55
1.302718	-1.56	0.54
1.312675	-1.55	0.53
1.322640	-1.54	0.53
1.332598	-1.53	0.52
1.342867	-1.52	0.52
1.352844	-1.51	0.53
1.362825	-1.51	0.52
1.372786	-1.50	0.52
1.382711	-1.48	0.52
1.392602	-1.46	0.53
1.402550	-1.46	0.53
1.412519	-1.44	0.53
1.422485	-1.43	0.54
1.432453	-1.42	0.54
1.442408	-1.41	0.54
1.452246	-1.39	0.54
1.462128	-1.36	0.53
1.472104	-1.35	0.52
1.482055	-1.34	0.53
1.492055	-1.33	0.52
1.502029	-1.35	0.52
1.512006	-1.33	0.54
1.521875	-1.31	0.53
1.531749	-1.33	0.52
1.541723	-1.30	0.52
1.551713	-1.27	0.53
1.561671	-1.26	0.52
1.571624	-1.25	0.51
1.581580	-1.23	0.51
1.591458	-1.23	0.51
1.601432	-1.23	0.50
1.611386	-1.23	0.50
1.621355	-1.22	0.51
1.631325	-1.19	0.52
1.641275	-1.18	0.51
1.651352	-1.15	0.52
1.661226	-1.13	0.52
1.671088	-1.15	0.51
1.681072	-1.14	0.50
1.690826	-1.12	0.50
1.700742	-1.11	0.51
1.710722	-1.08	0.51
1.720679	-1.08	0.51
1.730644	-1.07	0.51
1.740593	-1.06	0.54
1.750570	-1.04	0.53
1.760588	-1.04	0.52
1.770469	-1.02	0.52
1.780306	-1.02	0.52
1.790446	-1.02	0.51
1.800425	-1.01	0.51
1.810377	-1.00	0.52
1.820351	-0.98	0.52
1.830319	-0.98	0.52
1.840284	-0.97	0.52
1.850246	-0.96	0.52
1.860235	-0.95	0.52
1.870136	-0.97	0.51
1.879991	-0.96	0.51
1.889939	-0.94	0.52
1.899901	-0.92	0.52
1.909869	-0.91	0.53
1.919855	-0.90	0.54
1.929833	-0.93	0.54
1.939764	-0.92	0.54
1.949726	-0.92	0.54
1.959682	-0.89	0.57
1.969641	-0.89	0.57
1.979608	-0.89	0.57
1.989489	-0.88	0.57
1.999477	-0.88	0.58
2.009432	-0.87	0.58
2.019358	-0.87	0.59
2.029202	-0.86	0.58
2.039175	-0.85	0.59
2.049148	-0.85	0.58
2.059151	-0.83	0.59
2.069160	-0.83	0.59
2.079097	-0.82	0.58
2.088860	-0.81	0.58
2.098673	-0.84	0.59
2.108625	-0.84	0.58
2.118596	-0.84	0.54
2.128575	-0.83	0.54
2.138535	-0.82	0.54
2.148490	-0.81	0.54
2.158463	-0.81	0.54
2.168469	-0.80	0.54
2.178439	-0.80	0.54
2.188314	-0.80	0.54
2.198295	-0.80	0.54
2.208256	-0.79	0.54
2.218228	-0.77	0.52
2.228442	-0.77	0.52
2.238468	-0.77	0.52
2.248446	-0.77	0.52
2.258515	-0.76	0.51
2.268464	-0.80	0.51
2.288247	-0.79	0.50
2.299368	-0.78	0.50
2.310592	-0.78	0.50
2.321851	-0.78	0.51
2.333151	-0.78	0.52
2.344633	-0.78	0.52
2.364641	-0.75	0.51
2.382717	-0.78	0.51
2.398545	-0.81	0.51
2.404684	-0.80	0.50
2.410939	-0.80	0.51
2.417195	-0.80	0.52
2.423313	-0.80	0.51
2.429565	-0.79	0.52
2.435831	-0.79	0.53
2.442116	-0.78	0.52
2.448384	-0.77	0.52
2.454627	-0.77	0.52
2.460894	-0.75	0.53
2.467159	-0.75	0.52
2.473417	-0.75	0.52
2.479694	-0.75	0.52
2.485940	-0.75	0.51
2.492720	-0.75	0.51
2.498952	-0.74	0.51
2.505061	-0.73	0.50
2.511300	-0.75	0.51
2.517560	-0.75	0.50
2.523685	-0.75	0.49
2.530009	-0.73	0.49
2.536274	-0.73	0.49
2.542563	-0.73	0.48
2.548815	-0.73	0.49
2.555052	-0.73	0.49
2.561318	-0.73	0.48
2.567581	-0.72	0.48
2.573829	-0.73	0.49
2.580094	-0.75	0.48
2.586350	-0.75	0.48
2.592606	-0.74	0.48
2.598827	-0.74	0.47
2.605159	-0.74	0.47
2.611408	-0.74	0.47
2.617685	-0.74	0.47
2.623941	-0.76	0.47
2.630206	-0.76	0.48
2.636461	-0.77	0.48
2.642737	-0.77	0.49
2.649004	-0.77	0.48
2.655250	-0.77	0.49
2.661518	-0.77	0.49
2.667782	-0.77	0.48
2.674031	-0.76	0.48
2.680287	-0.76	0.50
2.686573	-0.77	0.50
2.692831	-0.76	0.49
2.699084	-0.75	0.49
2.705339	-0.75	0.48
2.711510	-0.74	0.48
2.717733	-0.74	0.48
2.724008	-0.74	0.48
2.730224	-0.73	0.48
2.736464	-0.75	0.49
2.742762	-0.76	0.49
2.749030	-0.76	0.49
2.755276	-0.76	0.49
2.761562	-0.76	0.49
2.767791	-0.76	0.49
2.773909	-0.75	0.48
2.780130	-0.76	0.48
2.786398	-0.76	0.49
2.792650	-0.77	0.49
2.798921	-0.76	0.50
2.805161	-0.76	0.50
2.811431	-0.74	0.51
2.817699	-0.74	0.51
2.823964	-0.74	0.51
2.830230	-0.72	0.51
2.836486	-0.72	0.50
2.842762	-0.72	0.50
2.849031	-0.71	0.50
2.855296	-0.71	0.50
2.861553	-0.71	0.51
2.867817	-0.71	0.51
2.874055	-0.71	0.51
2.880319	-0.73	0.50
2.886787	-0.72	0.51
2.893034	-0.72	0.51
2.899288	-0.72	0.51
2.905541	-0.72	0.51
2.911807	-0.71	0.51
2.918042	-0.71	0.51
2.924158	-0.71	0.51
2.930409	-0.71	0.51
2.936666	-0.69	0.51
2.942917	-0.70	0.50
2.949185	-0.70	0.51
2.955437	-0.70	0.51
2.961697	-0.69	0.51
2.967947	-0.70	0.51
2.974208	-0.70	0.53
2.980476	-0.70	0.53
2.986725	-0.70	0.53
2.993006	-0.69	0.53
2.999269	-0.69	0.53
3.005520	-0.69	0.52
3.011807	-0.68	0.53
3.018034	-0.69	0.52
3.024136	-0.69	0.53
3.030358	-0.69	0.55
3.036610	-0.68	0.55
3.042875	-0.69	0.55
3.049142	-0.68	0.55
3.055390	-0.68	0.55
3.061665	-0.68	0.56
3.067916	-0.69	0.56
3.074186	-0.68	0.55
3.097061	-0.67	0.57
3.104247	-0.68	0.57
3.114466	-0.68	0.58
3.125916	-0.69	0.57
3.137711	-0.69	0.57
3.156499	-0.69	0.57
3.174878	-0.69	0.58
3.191084	-0.72	0.57
3.202103	-0.70	0.57
3.210365	-0.70	0.58
3.216667	-0.71	0.58
3.222783	-0.70	0.58
3.229146	-0.70	0.58
3.235397	-0.70	0.58
3.241879	-0.70	0.59
3.248164	-0.71	0.58
3.254408	-0.70	0.58
3.260665	-0.70	0.57
3.266909	-0.70	0.57
3.273025	-0.70	0.57
3.279210	-0.72	0.57
3.285459	-0.72	0.57
3.291742	-0.73	0.56
3.298011	-0.71	0.55
3.304252	-0.71	0.55
3.310502	-0.71	0.55
3.316773	-0.71	0.54
3.323031	-0.71	0.54
3.329297	-0.71	0.54
3.335548	-0.71	0.53
3.341693	-0.70	0.53
3.347848	-0.71	0.52
3.354117	-0.69	0.52
3.360377	-0.69	0.52
3.366641	-0.69	0.52
3.372878	-0.69	0.52
3.379143	-0.68	0.51
3.385374	-0.68	0.51
3.391631	-0.68	0.51
3.397870	-0.67	0.52
3.403972	-0.67	0.52
3.410167	-0.67	0.52
3.416442	-0.66	0.53
3.422703	-0.66	0.52
3.428989	-0.66	0.53
3.435249	-0.66	0.53
3.441498	-0.66	0.52
3.447740	-0.66	0.52
3.453841	-0.66	0.52
3.460054	-0.65	0.50
3.466352	-0.66	0.51
3.472598	-0.66	0.51
3.478853	-0.66	0.51
3.485107	-0.66	0.51
3.491386	-0.67	0.50
3.497653	-0.66	0.51
3.503899	-0.67	0.51
3.510164	-0.68	0.51
3.516431	-0.68	0.51
3.522730	-0.68	0.51
3.528922	-0.68	0.50
3.535176	-0.68	0.50
3.541452	-0.69	0.50
3.547691	-0.71	0.50
3.553805	-0.70	0.50
3.560006	-0.71	0.49
3.566235	-0.71	0.50
3.572522	-0.73	0.50
3.578756	-0.74	0.51
3.584995	-0.74	0.51
3.591240	-0.74	0.51
3.597496	-0.74	0.51
3.603718	-0.75	0.52
3.609965	-0.75	0.52
3.616182	-0.75	0.51
3.622387	-0.75	0.51
3.628633	-0.74	0.50
3.634891	-0.73	0.51
3.641200	-0.74	0.51
3.647480	-0.73	0.51
3.653723	-0.73	0.52
3.659988	-0.73	0.53
3.666232	-0.71	0.53
3.672523	-0.73	0.53
3.678786	-0.74	0.54
3.685040	-0.74	0.54
3.691301	-0.74	0.54
3.697568	-0.73	0.54
3.703807	-0.72	0.53
3.710078	-0.71	0.53
3.716352	-0.72	0.54
3.722598	-0.72	0.53
3.728874	-0.71	0.54
3.735132	-0.71	0.53
3.741409	-0.71	0.53
3.747676	-0.71	0.53
3.753919	-0.72	0.53
3.760097	-0.71	0.53
3.766197	-0.71	0.53
3.772324	-0.70	0.52
3.778699	-0.70	0.52
3.784974	-0.70	0.53
3.791253	-0.70	0.53
3.797707	-0.70	0.54
3.803964	-0.70	0.54
3.810224	-0.70	0.54
3.816507	-0.70	0.54
3.822765	-0.70	0.54
3.829031	-0.69	0.55
3.835287	-0.69	0.54
3.841555	-0.68	0.54
3.847824	-0.69	0.54
3.854076	-0.68	0.55
3.860341	-0.68	0.53
3.866600	-0.69	0.52
3.872844	-0.71	0.52
3.879120	-0.70	0.53
3.885353	-0.70	0.53
3.891624	-0.69	0.53
3.897877	-0.69	0.53
3.904075	-0.69	0.54
3.912704	-0.69	0.52
3.922688	-0.70	0.52
3.932668	-0.69	0.52
3.942623	-0.70	0.52
3.952586	-0.70	0.52
3.962557	-0.70	0.52
3.972411	-0.72	0.53
3.982307	-0.74	0.53
3.992263	-0.76	0.53
4.002230	-0.76	0.52
4.012113	-0.78	0.52
4.021947	-0.81	0.52
4.031838	-0.79	0.52
4.041798	-0.79	0.53
4.051771	-0.77	0.53
4.061756	-0.79	0.52
4.071728	-0.79	0.52
4.081703	-0.79	0.52
4.091662	-0.78	0.52
4.101633	-0.78	0.52
4.111516	-0.78	0.52
4.121489	-0.78	0.52
4.131469	-0.77	0.53
4.141443	-0.77	0.53
4.151412	-0.75	0.54
4.161375	-0.75	0.54
4.171240	-0.75	0.53
4.181310	-0.74	0.53
4.191199	-0.74	0.52
4.201178	-0.74	0.52
4.211061	-0.75	0.53
4.221029	-0.76	0.53
4.231020	-0.79	0.53
4.240983	-0.79	0.53
4.250966	-0.79	0.52
4.260943	-0.79	0.53
4.270821	-0.79	0.53
4.280682	-0.78	0.53
4.290648	-0.77	0.53
4.300617	-0.77	0.53
4.310484	-0.75	0.53
4.320480	-0.74	0.54
4.330452	-0.75	0.54
4.340422	-0.75	0.53
4.350384	-0.75	0.53
4.360336	-0.73	0.53
4.370313	-0.72	0.53
4.380273	-0.71	0.54
4.390172	-0.72	0.53
4.400030	-0.72	0.53
4.409878	-0.72	0.53
4.419717	-0.75	0.53
4.429718	-0.74	0.53
4.439701	-0.74	0.53
4.449667	-0.73	0.53
4.459623	-0.72	0.53
4.469588	-0.71	0.53
4.479539	-0.71	0.54
4.489497	-0.71	0.53
4.499479	-0.72	0.53
4.509380	-0.75	0.53
4.519305	-0.75	0.52
4.529204	-0.75	0.52
4.539147	-0.75	0.51
4.549157	-0.74	0.50
4.559152	-0.74	0.49
4.569155	-0.72	0.49
4.579170	-0.73	0.50
4.589168	-0.72	0.49
4.599104	-0.73	0.50
4.608919	-0.73	0.50
4.618884	-0.73	0.50
4.628857	-0.72	0.50
4.639091	-0.73	0.49
4.649068	-0.72	0.49
4.659026	-0.72	0.48
4.668981	-0.72	0.49
4.678950	-0.71	0.48
4.688916	-0.71	0.49
4.698890	-0.70	0.49
4.708800	-0.69	0.49
4.718773	-0.70	0.49
4.728755	-0.69	0.49
4.738721	-0.69	0.48
4.748706	-0.69	0.48
4.758670	-0.72	0.49
4.768602	-0.72	0.49
4.778472	-0.72	0.49
4.788444	-0.71	0.49
4.798396	-0.75	0.49
4.808280	-0.75	0.48
4.818106	-0.75	0.48
4.828081	-0.77	0.47
4.838066	-0.78	0.48
4.848031	-0.77	0.49
4.857985	-0.77	0.48
4.867944	-0.77	0.47
4.877902	-0.77	0.47
4.887884	-0.76	0.48
4.897841	-0.77	0.47
4.907852	-0.77	0.48
4.917830	-0.74	0.47
4.927798	-0.75	0.48
4.937767	-0.74	0.48
4.947734	-0.74	0.47
4.957765	-0.74	0.47
4.967765	-0.74	0.47
4.977768	-0.74	0.46
4.987751	-0.74	0.47
4.997752	-0.73	0.47
5.007684	-0.73	0.46
5.017640	-0.72	0.45
5.027440	-0.72	0.45
5.037423	-0.72	0.45
5.047374	-0.72	0.45
5.057157	-0.72	0.45
5.067113	-0.72	0.45
5.077078	-0.73	0.45
5.102593	-0.72	0.46
5.112563	-0.72	0.46
5.122544	-0.73	0.46
5.132513	-0.75	0.44
5.142483	-0.74	0.45
5.152459	-0.74	0.46
5.162412	-0.74	0.45
5.172357	-0.75	0.45
5.182325	-0.74	0.45
5.192283	-0.72	0.45
5.202230	-0.73	0.46
5.212196	-0.74	0.46
5.222157	-0.74	0.45
5.231998	-0.75	0.46
5.241890	-0.76	0.46
5.251880	-0.74	0.46
5.261848	-0.74	0.46
5.271711	-0.73	0.46
5.281594	-0.73	0.47
5.291567	-0.72	0.47
5.301531	-0.71	0.47
5.311502	-0.71	0.46
5.321475	-0.71	0.45
5.331447	-0.72	0.46
5.341426	-0.72	0.46
5.351388	-0.71	0.47
5.361336	-0.70	0.46
5.371305	-0.70	0.46
5.381275	-0.70	0.47
5.391276	-0.70	0.47
5.401288	-0.69	0.47
5.411367	-0.69	0.46
5.421342	-0.69	0.47
5.431311	-0.70	0.47
5.441184	-0.70	0.44
5.451055	-0.68	0.44
5.461040	-0.72	0.44
5.471005	-0.71	0.45
5.480972	-0.71	0.45
5.490925	-0.70	0.44
5.500887	-0.70	0.43
5.510761	-0.71	0.43
5.520570	-0.72	0.44
5.530425	-0.72	0.43
5.540673	-0.72	0.43
5.550676	-0.71	0.43
5.560619	-0.72	0.47
5.570588	-0.73	0.43
5.580558	-0.73	0.44
5.590516	-0.73	0.45
5.600473	-0.75	0.45
5.610367	-0.74	0.44
5.620205	-0.75	0.45
5.630167	-0.74	0.45
5.640143	-0.74	0.46
5.650037	-0.74	0.46
5.659998	-0.75	0.46
5.669963	-0.74	0.46
5.679943	-0.74	0.45
5.689902	-0.72	0.45
5.699861	-0.73	0.46
5.709823	-0.72	0.46
5.719653	-0.72	0.45
5.729661	-0.72	0.45
5.739640	-0.73	0.42
5.749624	-0.73	0.43
5.759581	-0.72	0.44
5.769494	-0.70	0.44
5.779313	-0.69	0.45
5.789285	-0.72	0.46
5.799247	-0.72	0.45
5.809175	-0.72	0.46
5.818972	-0.71	0.46
5.828949	-0.71	0.46
5.838922	-0.71	0.47
5.848858	-0.71	0.48
5.858647	-0.75	0.49
5.868578	-0.75	0.49
5.878530	-0.73	0.49
5.888468	-0.74	0.49
5.898403	-0.74	0.49
5.908325	-0.73	0.49
5.918113	-0.71	0.49
5.928049	-0.71	0.50
5.937994	-0.72	0.50
5.947934	-0.73	0.50
5.957874	-0.73	0.50
5.967820	-0.74	0.50
5.977762	-0.74	0.50
5.987996	-0.77	0.50
5.997970	-0.76	0.50
6.007925	-0.76	0.51
6.017694	-0.74	0.51
6.027481	-0.74	0.51
6.037440	-0.78	0.51
6.047422	-0.76	0.51
6.057399	-0.75	0.51
6.067352	-0.75	0.51
6.077174	-0.78	0.51
6.087134	-0.79	0.52
6.097080	-0.80	0.51
6.107049	-0.80	0.51
6.116833	-0.81	0.51
6.126786	-0.80	0.51
6.136758	-0.80	0.53
6.146713	-0.80	0.53
6.156680	-0.78	0.53
6.166636	-0.77	0.52
6.176579	-0.75	0.53
6.186516	-0.74	0.52
6.201232	-0.74	0.52
6.212358	-0.74	0.52
6.223626	-0.74	0.52
6.234835	-0.74	0.54
6.246144	-0.72	0.53
6.257483	-0.72	0.54
6.271725	-0.70	0.54
6.291871	-0.72	0.54
6.310134	-0.72	0.54
6.318978	-0.72	0.53
6.325119	-0.72	0.53
6.331374	-0.72	0.52
6.337628	-0.72	0.52
6.343754	-0.71	0.52
6.350057	-0.71	0.52
6.356338	-0.71	0.51
6.362591	-0.71	0.53
6.368836	-0.70	0.53
6.375082	-0.70	0.53
6.381327	-0.70	0.53
6.387579	-0.70	0.52
6.393826	-0.73	0.52
6.400081	-0.73	0.53
6.406332	-0.73	0.53
6.412800	-0.73	0.53
6.419066	-0.72	0.53
6.425304	-0.71	0.52
6.431569	-0.71	0.52
6.437818	-0.70	0.52
6.444064	-0.73	0.52
6.450325	-0.72	0.52
6.456581	-0.72	0.51
6.462830	-0.74	0.52
6.469080	-0.74	0.52
6.475326	-0.74	0.53
6.481576	-0.75	0.53
6.487824	-0.75	0.53
6.493948	-0.75	0.54
6.500174	-0.75	0.55
6.506476	-0.75	0.55
6.512734	-0.76	0.54
6.518931	-0.77	0.54
6.525041	-0.76	0.53
6.531273	-0.76	0.53
6.537538	-0.76	0.53
6.543818	-0.77	0.56
6.550086	-0.77	0.55
6.556359	-0.78	0.56
6.562638	-0.78	0.56
6.568901	-0.77	0.55
6.575172	-0.77	0.56
6.581440	-0.77	0.56
6.587710	-0.77	0.55
6.593984	-0.77	0.55
6.600261	-0.77	0.56
6.606518	-0.77	0.55
6.612794	-0.77	0.56
6.619046	-0.77	0.56
6.625306	-0.77	0.56
6.631574	-0.76	0.56
6.637827	-0.76	0.55
6.644095	-0.76	0.55
6.650373	-0.76	0.56
6.656628	-0.76	0.55
6.662885	-0.76	0.55
6.669142	-0.76	0.56
6.675416	-0.76	0.58
6.681685	-0.76	0.58
6.687950	-0.76	0.57
6.694398	-0.76	0.57
6.700589	-0.75	0.57
6.706718	-0.77	0.56
6.712996	-0.78	0.55
6.719247	-0.77	0.54
6.725510	-0.77	0.55
6.731795	-0.77	0.54
6.738043	-0.77	0.55
6.744306	-0.78	0.54
6.750555	-0.76	0.54
6.756825	-0.76	0.53
6.763082	-0.75	0.53
6.769292	-0.74	0.53
6.775399	-0.74	0.53
6.781664	-0.75	0.53
6.787916	-0.75	0.53
6.794196	-0.75	0.54
6.800459	-0.75	0.54
6.806733	-0.74	0.54
6.813015	-0.73	0.53
6.819269	-0.74	0.55
6.825532	-0.74	0.55
6.831818	-0.73	0.54
6.838111	-0.73	0.55
6.844362	-0.75	0.54
6.850639	-0.75	0.54
6.856917	-0.75	0.54
6.863173	-0.75	0.54
6.869440	-0.74	0.54
6.875696	-0.74	0.53
6.881956	-0.76	0.53
6.888162	-0.75	0.54
6.894275	-0.75	0.54
6.900508	-0.74	0.54
6.906776	-0.74	0.53
6.912901	-0.74	0.51
6.919090	-0.74	0.51
6.925339	-0.74	0.51
6.931582	-0.74	0.52
6.937843	-0.75	0.53
6.944104	-0.74	0.53
6.950349	-0.73	0.53
6.956599	-0.73	0.52
6.962838	-0.73	0.52
6.969086	-0.72	0.52
6.975524	-0.72	0.52
6.981798	-0.72	0.53
6.988064	-0.72	0.53
6.994311	-0.72	0.53
7.000580	-0.72	0.52
7.006826	-0.72	0.52
7.013107	-0.71	0.50
7.020760	-0.72	0.50
7.030654	-0.71	0.49
7.040629	-0.70	0.49
7.050608	-0.69	0.50
7.060607	-0.70	0.50
7.070572	-0.71	0.50
7.080564	-0.72	0.51
7.090519	-0.72	0.52
7.100479	-0.72	0.51
7.110446	-0.72	0.51
7.120298	-0.73	0.52
7.130152	-0.73	0.52
7.140120	-0.73	0.52
7.150085	-0.74	0.52
7.160016	-0.73	0.53
7.169960	-0.72	0.52
7.179909	-0.72	0.53
7.189895	-0.72	0.52
7.199884	-0.73	0.51
7.209871	-0.72	0.52
7.219813	-0.72	0.50
7.229774	-0.72	0.51
7.239736	-0.72	0.51
7.249683	-0.73	0.51
7.259640	-0.73	0.52
7.269551	-0.73	0.52
7.279378	-0.75	0.52
7.289346	-0.74	0.52
7.299314	-0.75	0.53
7.309277	-0.75	0.52
7.319261	-0.75	0.53
7.329197	-0.74	0.53
7.338994	-0.74	0.53
7.348950	-0.72	0.52
7.358875	-0.71	0.51
7.368831	-0.72	0.51
7.378766	-0.70	0.52
7.388695	-0.68	0.51
7.398922	-0.69	0.55
7.408852	-0.69	0.56
7.418757	-0.72	0.56
7.428693	-0.73	0.56
7.438631	-0.72	0.55
7.448582	-0.72	0.55
7.458537	-0.71	0.54
7.468470	-0.71	0.53
7.478414	-0.70	0.53
7.488371	-0.68	0.52
7.498350	-0.66	0.53
7.508307	-0.66	0.52
7.518214	-0.66	0.52
7.528006	-0.66	0.54
7.537941	-0.66	0.55
7.547887	-0.66	0.54
7.557863	-0.66	0.54
7.567834	-0.66	0.54
7.577788	-0.65	0.55
7.587800	-0.67	0.55
7.597756	-0.67	0.55
7.607706	-0.67	0.54
7.617671	-0.68	0.53
7.627642	-0.67	0.52
7.637609	-0.67	0.51
7.647584	-0.66	0.52
7.657551	-0.67	0.51
7.667520	-0.68	0.50
7.677488	-0.67	0.49
7.687450	-0.68	0.49
7.697424	-0.68	0.49
7.707399	-0.68	0.48
7.717357	-0.68	0.48
7.727322	-0.68	0.47
7.737292	-0.69	0.47
7.747254	-0.69	0.47
7.757177	-0.69	0.46
7.767143	-0.68	0.46
7.776908	-0.68	0.45
7.786868	-0.68	0.45
7.796849	-0.68	0.45
7.806807	-0.68	0.45
7.816757	-0.68	0.46
7.826730	-0.70	0.45
7.836700	-0.71	0.46
7.846922	-0.71	0.47
7.856904	-0.70	0.47
7.866871	-0.71	0.47
7.876834	-0.71	0.47
7.886806	-0.71	0.48
7.896774	-0.70	0.48
7.906740	-0.71	0.48
7.916695	-0.69	0.49
7.926666	-0.69	0.48
7.936567	-0.69	0.48
7.946566	-0.69	0.49
7.956536	-0.69	0.49
7.966286	-0.69	0.49
7.976406	-0.70	0.48
7.986385	-0.70	0.48
7.996357	-0.69	0.47
8.006359	-0.71	0.48
8.016446	-0.71	0.47
8.026198	-0.71	0.47
8.036146	-0.74	0.47
8.046139	-0.75	0.47
8.056101	-0.75	0.47
8.066057	-0.75	0.48
8.076016	-0.75	0.49
8.085974	-0.76	0.48
8.095753	-0.76	0.48
8.105702	-0.76	0.48
8.115671	-0.75	0.48
8.125435	-0.75	0.48
8.135380	-0.76	0.47
8.145358	-0.76	0.46
8.155324	-0.76	0.47
8.165288	-0.77	0.48
8.175067	-0.75	0.49
8.185020	-0.73	0.49
8.194993	-0.73	0.49
8.204975	-0.73	0.49
8.214939	-0.73	0.49
8.224729	-0.73	0.49
8.234651	-0.73	0.49
8.244625	-0.72	0.48
8.254594	-0.72	0.49
8.264563	-0.73	0.48
8.274355	-0.73	0.48
8.284281	-0.73	0.48
8.294512	-0.72	0.48
8.304479	-0.72	0.48
8.314441	-0.75	0.49
8.324235	-0.74	0.48
8.334202	-0.74	0.48
8.344172	-0.74	0.48
8.354138	-0.76	0.48
8.364113	-0.79	0.48
8.374128	-0.80	0.47
8.383933	-0.79	0.47
8.393835	-0.80	0.47
8.403788	-0.80	0.47
8.413752	-0.81	0.47
8.423576	-0.80	0.47
8.433842	-0.80	0.46
8.443707	-0.79	0.46
8.453631	-0.78	0.46
8.463468	-0.78	0.46
8.473572	-0.77	0.46
8.483552	-0.76	0.46
8.493396	-0.74	0.45
8.503308	-0.73	0.45
8.513291	-0.73	0.45
8.523123	-0.73	0.44
8.533032	-0.76	0.46
8.542995	-0.74	0.46
8.552969	-0.74	0.47
8.562932	-0.74	0.46
8.572774	-0.75	0.45
8.582927	-0.74	0.45
8.592763	-0.74	0.44
8.602811	-0.74	0.45
8.612765	-0.72	0.46
8.622598	-0.72	0.46
8.632474	-0.72	0.47
8.642461	-0.75	0.47
8.652461	-0.75	0.47
8.662445	-0.74	0.48
8.672411	-0.73	0.48
8.682369	-0.73	0.46
8.692338	-0.73	0.47
8.702289	-0.73	0.47
8.712257	-0.73	0.47
8.722109	-0.73	0.47
8.732093	-0.74	0.48
8.742057	-0.73	0.48
8.752318	-0.73	0.48
8.762297	-0.72	0.48
8.772152	-0.73	0.48
8.782045	-0.73	0.48
8.792018	-0.73	0.47
8.801885	-0.73	0.47
8.811775	-0.72	0.47
8.821652	-0.72	0.47
8.831526	-0.72	0.46
8.841518	-0.72	0.46
8.851493	-0.70	0.46
8.861459	-0.70	0.46
8.871432	-0.73	0.46
8.881408	-0.73	0.44
8.891365	-0.73	0.43
8.901320	-0.72	0.43
8.911278	-0.71	0.41
8.921170	-0.71	0.41
8.931035	-0.71	0.42
8.940999	-0.72	0.42
8.950977	-0.71	0.42
8.960970	-0.72	0.42
8.970867	-0.72	0.42
8.980815	-0.72	0.42
8.990791	-0.73	0.42
9.000758	-0.74	0.43
9.010625	-0.74	0.43
9.020382	-0.74	0.44
9.030225	-0.74	0.44
9.040199	-0.74	0.44
9.050184	-0.74	0.45
9.060152	-0.73	0.46
9.070112	-0.72	0.45
9.080069	-0.72	0.45
9.090041	-0.71	0.44
9.100007	-0.72	0.43
9.109965	-0.72	0.43
9.119916	-0.71	0.43
9.129738	-0.71	0.42
9.139726	-0.71	0.43
9.149687	-0.70	0.42
9.159666	-0.70	0.42
9.169641	-0.68	0.42
9.179608	-0.67	0.43
9.189567	-0.67	0.43
9.199793	-0.66	0.44
9.209761	-0.67	0.44
9.219672	-0.67	0.44
9.229505	-0.68	0.45
9.239492	-0.67	0.45
9.249473	-0.67	0.44
9.259443	-0.67	0.45
9.269355	-0.65	0.45
9.279221	-0.68	0.44
9.289178	-0.68	0.45
9.299169	-0.68	0.45
9.309083	-0.71	0.46
9.325180	-0.70	0.46
9.336293	-0.70	0.46
9.347599	-0.70	0.46
9.358923	-0.70	0.46
9.370168	-0.70	0.46
9.381500	-0.70	0.45
9.400442	-0.70	0.45
9.418228	-0.70	0.46
9.433419	-0.70	0.47
9.439607	-0.68	0.48
9.445724	-0.68	0.48
9.451969	-0.69	0.49
9.458216	-0.69	0.49
9.464330	-0.69	0.49
9.470537	-0.68	0.49
9.476806	-0.67	0.48
9.483071	-0.68	0.48
9.489329	-0.67	0.47
9.495601	-0.68	0.48
9.501870	-0.68	0.47
9.508138	-0.68	0.46
9.514389	-0.69	0.47
9.520560	-0.69	0.46
9.526688	-0.69	0.45
9.532960	-0.68	0.46
9.539227	-0.69	0.45
9.545469	-0.69	0.44
9.551748	-0.71	0.44
9.558035	-0.71	0.46
9.564281	-0.71	0.45
9.570548	-0.69	0.45
9.576831	-0.69	0.45
9.583085	-0.70	0.45
9.589582	-0.69	0.45
9.595851	-0.69	0.45
9.602105	-0.69	0.45
9.608380	-0.69	0.45
9.614649	-0.69	0.46
9.620891	-0.70	0.47
9.627146	-0.69	0.48
9.633401	-0.69	0.48
9.639602	-0.69	0.48
9.645716	-0.69	0.48
9.651969	-0.68	0.48
9.658250	-0.68	0.48
9.664493	-0.67	0.48
9.670802	-0.67	0.49
9.677073	-0.67	0.49
9.683335	-0.68	0.49
9.689603	-0.69	0.50
9.695874	-0.69	0.50
9.702142	-0.68	0.50
9.708403	-0.68	0.50
9.714648	-0.68	0.51
9.720891	-0.68	0.51
9.727167	-0.68	0.51
9.733445	-0.68	0.51
9.739694	-0.67	0.51
9.745957	-0.67	0.51
9.752215	-0.67	0.51
9.758494	-0.67	0.51
9.764747	-0.68	0.51
9.770916	-0.67	0.50
9.777051	-0.68	0.51
9.783298	-0.68	0.51
9.789561	-0.68	0.50
9.795825	-0.68	0.51
9.802100	-0.69	0.51
9.808380	-0.67	0.51
9.814647	-0.67	0.51
9.820904	-0.67	0.51
9.827184	-0.68	0.51
9.833447	-0.67	0.51
9.839712	-0.67	0.51
9.845959	-0.67	0.52
9.852105	-0.67	0.52
9.858295	-0.68	0.52
9.864534	-0.67	0.53
9.870989	-0.66	0.52
9.877227	-0.66	0.51
9.883466	-0.66	0.51
9.889691	-0.67	0.51
9.895933	-0.66	0.52
9.902163	-0.67	0.51
9.908416	-0.67	0.51
9.914655	-0.67	0.51
9.920881	-0.66	0.51
9.927124	-0.66	0.51
9.933367	-0.66	0.52
9.939609	-0.66	0.51
9.945824	-0.68	0.52
9.952079	-0.67	0.52
9.958328	-0.67	0.52
9.964556	-0.69	0.52
9.970795	-0.70	0.52
9.977026	-0.70	0.52
9.983292	-0.70	0.52
9.989560	-0.71	0.52
9.995804	-0.71	0.52
10.002101	-0.72	0.52
10.008323	-0.72	0.52
10.014423	-0.72	0.52
10.020540	-0.73	0.51
10.026677	-0.72	0.52
10.032935	-0.73	0.52
10.039182	-0.72	0.52
10.045435	-0.70	0.51
10.051694	-0.72	0.51
10.057935	-0.72	0.52
10.064049	-0.71	0.51
10.070250	-0.71	0.51
10.076550	-0.71	0.51
10.082825	-0.70	0.51
10.089072	-0.70	0.52
10.095337	-0.70	0.52
10.101585	-0.70	0.52
10.107854	-0.70	0.52
10.114093	-0.71	0.52
10.120350	-0.71	0.52
10.126583	-0.71	0.52
10.136489	-0.72	0.53
10.146475	-0.70	0.52
10.156452	-0.71	0.53
10.170349	-0.70	0.54
10.180334	-0.71	0.53
10.190302	-0.70	0.53
10.200268	-0.71	0.52
10.210237	-0.71	0.52
10.220196	-0.71	0.53
10.230155	-0.71	0.53
10.240132	-0.70	0.52
10.250099	-0.70	0.53
10.260068	-0.70	0.54
10.269978	-0.70	0.54
10.279809	-0.69	0.54
10.289776	-0.70	0.54
10.299711	-0.69	0.54
10.309641	-0.70	0.55
10.319594	-0.70	0.55
10.329536	-0.70	0.53
10.339480	-0.72	0.52
10.349423	-0.73	0.52
10.359368	-0.71	0.51
10.369301	-0.71	0.52
10.379251	-0.71	0.52
10.389180	-0.71	0.52
10.399095	-0.71	0.51
10.409036	-0.69	0.51
10.418962	-0.69	0.50
10.428857	-0.70	0.49
10.438816	-0.71	0.50
10.448788	-0.71	0.49
10.458757	-0.71	0.49
10.468718	-0.71	0.48
10.478639	-0.71	0.48
10.488604	-0.71	0.47
10.498571	-0.71	0.47
10.508552	-0.72	0.47
10.518473	-0.71	0.47
10.528272	-0.71	0.48
10.538240	-0.71	0.49
10.548218	-0.70	0.49
10.558179	-0.70	0.49
10.568138	-0.69	0.50
10.578086	-0.71	0.50
10.588054	-0.70	0.51
10.598024	-0.71	0.51
10.608292	-0.71	0.50
10.618259	-0.71	0.53
10.628227	-0.71	0.52
10.638203	-0.72	0.52
10.648167	-0.71	0.51
10.658003	-0.71	0.50
10.667978	-0.71	0.50
10.677939	-0.71	0.51
10.687892	-0.71	0.50
10.697676	-0.71	0.51
10.707658	-0.71	0.51
10.717623	-0.71	0.52
10.727587	-0.71	0.52
10.737557	-0.71	0.51
10.747529	-0.73	0.52
10.757497	-0.73	0.50
10.767457	-0.73	0.50
10.777225	-0.76	0.50
10.787197	-0.76	0.49
10.797166	-0.77	0.48
10.807126	-0.76	0.48
10.817095	-0.76	0.48
10.827067	-0.76	0.49
10.836813	-0.76	0.49
10.846785	-0.77	0.50
10.856760	-0.79	0.50
10.866736	-0.78	0.50
10.876699	-0.78	0.51
10.886657	-0.78	0.52
10.896634	-0.78	0.51
10.906476	-0.81	0.51
10.916453	-0.80	0.50
10.926408	-0.78	0.50
10.936135	-0.78	0.51
10.946063	-0.78	0.51
10.956016	-0.75	0.49
10.965967	-0.75	0.47
10.975901	-0.76	0.47
10.985868	-0.76	0.47
10.995845	-0.77	0.47
11.005808	-0.76	0.48
11.015767	-0.75	0.48
11.025542	-0.74	0.48
11.035348	-0.73	0.48
11.045305	-0.73	0.47
11.055341	-0.73	0.47
11.065316	-0.76	0.47
11.075287	-0.76	0.47
11.085255	-0.75	0.47
11.095230	-0.75	0.47
11.105197	-0.75	0.47
11.114981	-0.74	0.47
11.124954	-0.74	0.46
11.134760	-0.74	0.46
11.144700	-0.74	0.46
11.154649	-0.74	0.46
11.164641	-0.73	0.46
11.174601	-0.72	0.46
11.184550	-0.72	0.45
11.194513	-0.72	0.45
11.204472	-0.72	0.46
11.214275	-0.73	0.46
11.224211	-0.72	0.45
11.234004	-0.71	0.46
11.243909	-0.72	0.46
11.253886	-0.72	0.46
11.263867	-0.70	0.46
11.273678	-0.70	0.46
11.283586	-0.70	0.46
11.293576	-0.70	0.46
11.303558	-0.71	0.46
11.313536	-0.69	0.46
11.323357	-0.70	0.46
11.333137	-0.70	0.48
11.343024	-0.68	0.48
11.352984	-0.68	0.48
11.362950	-0.68	0.48
11.372903	-0.67	0.48
11.382859	-0.68	0.47
11.392804	-0.68	0.48
11.402738	-0.69	0.49
11.412675	-0.69	0.48
11.422624	-0.68	0.49
11.432485	-0.69	0.49
11.442353	-0.68	0.50
11.452320	-0.68	0.51
11.462263	-0.67	0.50
11.472209	-0.67	0.50
11.482153	-0.67	0.50
11.492144	-0.67	0.50
11.502377	-0.68	0.50
11.512342	-0.70	0.50
11.522185	-0.71	0.51
11.531937	-0.69	0.51
11.541820	-0.69	0.50
11.551796	-0.68	0.51
11.561774	-0.67	0.51
11.571733	-0.67	0.52
11.581709	-0.68	0.51
11.591679	-0.68	0.50
11.601629	-0.71	0.49
11.611597	-0.71	0.50
11.621561	-0.71	0.50
11.631442	-0.71	0.49
11.641390	-0.71	0.49
11.651359	-0.70	0.52
11.661335	-0.71	0.52
11.671288	-0.71	0.52
11.681307	-0.74	0.51
11.691303	-0.71	0.52
11.701319	-0.74	0.53
11.711309	-0.74	0.53
11.721321	-0.74	0.54
11.731254	-0.75	0.54
11.741008	-0.74	0.54
11.750876	-0.75	0.54
11.760842	-0.74	0.54
11.770759	-0.74	0.54
11.780641	-0.74	0.53
11.790589	-0.73	0.53
11.800595	-0.74	0.53
11.810597	-0.74	0.52
11.820593	-0.73	0.48
11.830545	-0.71	0.48
11.840390	-0.71	0.48
11.850359	-0.70	0.48
11.860325	-0.71	0.47
11.870298	-0.70	0.47
11.880271	-0.71	0.47
11.890240	-0.71	0.47
11.900216	-0.71	0.48
11.910193	-0.70	0.48
11.920172	-0.70	0.47
11.930097	-0.69	0.48
11.939992	-0.67	0.49
11.950147	-0.67	0.49
11.960040	-0.66	0.49
11.970007	-0.66	0.49
11.979955	-0.66	0.49
11.989914	-0.69	0.48
11.999870	-0.70	0.47
12.009828	-0.70	0.47
12.019744	-0.69	0.47
12.029540	-0.68	0.47
12.039359	-0.69	0.47
12.049327	-0.69	0.47
12.059290	-0.68	0.47
12.069266	-0.68	0.48
12.079241	-0.68	0.47
12.089141	-0.69	0.49
12.098957	-0.67	0.49
12.108934	-0.67	0.48
12.118889	-0.67	0.48
12.128839	-0.70	0.48
12.138643	-0.70	0.47
12.148623	-0.70	0.47
12.158543	-0.71	0.47
12.168343	-0.69	0.51
12.178320	-0.68	0.50
12.188292	-0.68	0.50
12.198261	-0.69	0.49
12.208229	-0.70	0.50
12.218197	-0.70	0.51
12.228161	-0.69	0.52
12.237956	-0.70	0.52
12.247937	-0.71	0.52
12.257893	-0.70	0.53
12.267839	-0.68	0.52
12.277620	-0.69	0.52
12.287592	-0.72	0.51
12.297561	-0.74	0.51
12.307510	-0.77	0.51
12.317478	-0.75	0.51
12.327435	-0.75	0.51
12.337248	-0.75	0.51
12.347236	-0.75	0.52
12.357192	-0.74	0.51
12.367150	-0.73	0.52
12.376923	-0.72	0.52
12.386883	-0.72	0.51
12.396830	-0.72	0.51
12.407094	-0.71	0.51
12.417078	-0.69	0.51
12.426985	-0.71	0.50
12.449747	-0.71	0.50
12.460846	-0.71	0.50
12.472109	-0.71	0.48
12.483471	-0.69	0.48
12.494650	-0.70	0.48
12.507716	-0.73	0.49
12.529074	-0.72	0.49
12.539905	-0.72	0.49
12.546052	-0.72	0.49
12.552305	-0.72	0.49
12.558549	-0.71	0.48
12.564668	-0.71	0.47
12.570886	-0.72	0.48
12.577085	-0.71	0.48
12.583995	-0.70	0.48
12.590572	-0.71	0.49
12.596864	-0.69	0.47
12.602982	-0.69	0.49
12.609177	-0.70	0.49
12.615435	-0.70	0.48
12.621608	-0.70	0.48
12.627878	-0.70	0.47
12.634149	-0.70	0.46
12.640409	-0.73	0.46
12.646688	-0.73	0.46
12.652947	-0.73	0.45
12.659212	-0.71	0.45
12.665467	-0.71	0.45
12.671725	-0.71	0.45
12.677991	-0.74	0.46
12.684245	-0.74	0.45
12.690520	-0.73	0.45
12.696800	-0.74	0.46
12.703056	-0.74	0.45
12.709321	-0.74	0.46
12.715590	-0.74	0.45
12.721854	-0.74	0.45
12.728110	-0.74	0.46
12.734222	-0.75	0.46
12.740501	-0.74	0.46
12.746809	-0.73	0.45
12.753045	-0.72	0.45
12.759546	-0.72	0.46
12.765835	-0.72	0.46
12.771978	-0.72	0.46
12.778169	-0.72	0.46
12.784431	-0.72	0.47
12.790599	-0.72	0.46
12.796729	-0.72	0.46
12.802992	-0.72	0.47
12.809205	-0.75	0.47
12.815320	-0.75	0.47
12.821540	-0.74	0.47
12.827788	-0.74	0.48
12.834028	-0.75	0.48
12.840258	-0.75	0.48
12.846507	-0.77	0.49
12.852742	-0.76	0.49
12.859008	-0.76	0.49
12.865257	-0.76	0.49
12.871497	-0.74	0.49
12.877754	-0.75	0.49
12.883990	-0.73	0.49
12.890243	-0.75	0.49
12.896506	-0.75	0.49
12.902748	-0.75	0.49
12.908998	-0.75	0.49
12.915253	-0.76	0.49
12.921497	-0.78	0.49
12.927741	-0.77	0.48
12.933985	-0.77	0.49
12.940220	-0.77	0.49
12.946475	-0.77	0.49
12.952699	-0.77	0.50
12.958945	-0.77	0.50
12.965192	-0.79	0.50
12.971453	-0.79	0.50
12.977694	-0.78	0.50
12.983971	-0.77	0.50
12.990232	-0.77	0.50
12.996509	-0.77	0.51
13.002615	-0.77	0.51
13.008813	-0.77	0.51
13.015080	-0.78	0.51
13.021242	-0.78	0.51
13.027395	-0.77	0.52
13.033855	-0.78	0.52
13.040146	-0.77	0.52
13.046425	-0.77	0.52
13.052536	-0.77	0.54
13.058723	-0.78	0.54
13.064993	-0.77	0.55
13.071256	-0.76	0.55
13.077526	-0.77	0.55
13.083789	-0.76	0.54
13.090040	-0.77	0.55
13.096300	-0.76	0.54
13.102618	-0.76	0.54
13.108877	-0.76	0.53
13.115114	-0.75	0.53
13.121370	-0.75	0.52
13.127613	-0.75	0.52
13.133728	-0.75	0.51
13.140058	-0.74	0.51
13.146357	-0.74	0.51
13.152613	-0.74	0.51
13.158876	-0.73	0.51
13.165147	-0.73	0.51
13.171410	-0.73	0.51
13.177680	-0.75	0.52
13.183922	-0.75	0.52
13.190189	-0.77	0.53
13.196465	-0.77	0.53
13.202706	-0.77	0.52
13.208906	-0.77	0.52
13.215023	-0.76	0.52
13.221302	-0.76	0.52
13.227593	-0.76	0.52
13.233854	-0.75	0.53
13.242128	-0.75	0.52
13.252118	-0.75	0.52
13.262090	-0.76	0.53
13.271947	-0.78	0.52
13.281832	-0.78	0.53
13.291810	-0.80	0.53
13.301780	-0.81	0.53
13.311747	-0.79	0.52
13.321710	-0.81	0.52
13.331684	-0.81	0.52
13.341619	-0.81	0.52
13.351571	-0.80	0.52
13.361822	-0.80	0.53
13.371803	-0.80	0.52
13.381784	-0.82	0.52
13.391740	-0.82	0.53
13.401706	-0.80	0.53
13.411660	-0.83	0.53
13.421516	-0.83	0.53
13.431434	-0.82	0.53
13.441388	-0.81	0.53
13.451348	-0.80	0.54
13.461292	-0.81	0.53
13.471315	-0.80	0.52
13.481315	-0.80	0.51
13.491285	-0.80	0.52
13.501205	-0.80	0.51
13.511103	-0.80	0.51
13.520993	-0.82	0.51
13.530752	-0.82	0.51
13.540782	-0.80	0.52
13.550772	-0.78	0.52
13.560734	-0.78	0.51
13.570715	-0.77	0.50
13.580681	-0.77	0.50
13.590627	-0.80	0.49
13.600603	-0.80	0.50
13.610631	-0.79	0.50
13.620593	-0.79	0.51
13.630459	-0.79	0.51
13.640343	-0.79	0.50
13.650327	-0.78	0.53
13.660280	-0.78	0.52
13.670253	-0.78	0.51
13.680236	-0.78	0.51
13.690197	-0.77	0.51
13.700179	-0.77	0.54
13.710134	-0.76	0.53
13.720090	-0.76	0.53
13.730053	-0.76	0.53
13.739946	-0.75	0.53
13.749763	-0.75	0.52
13.759728	-0.75	0.52
13.769623	-0.76	0.52
13.779450	-0.76	0.52
13.789421	-0.75	0.52
13.799386	-0.76	0.52
13.809599	-0.75	0.52
13.819580	-0.75	0.51
13.829544	-0.75	0.51
13.839466	-0.75	0.51
13.849355	-0.74	0.50
13.859300	-0.73	0.50
13.869238	-0.74	0.50
13.879190	-0.74	0.50
13.889121	-0.73	0.50
13.899054	-0.73	0.52
13.908988	-0.72	0.51
13.918919	-0.72	0.52
13.928879	-0.75	0.52
13.938767	-0.75	0.52
13.948589	-0.73	0.51
13.958544	-0.71	0.49
13.968479	-0.74	0.49
13.978401	-0.72	0.49
13.988382	-0.70	0.50
13.998367	-0.67	0.49
14.008324	-0.66	0.47
14.018274	-0.65	0.45
14.028077	-0.67	0.44
14.038035	-0.68	0.45
14.047853	-0.65	0.46
14.057646	-0.66	0.46
14.067640	-0.67	0.45
14.077634	-0.65	0.44
14.087622	-0.63	0.44
14.097588	-0.62	0.46
14.107567	-0.61	0.50
14.117530	-0.61	0.49
14.127499	-0.61	0.46
14.137473	-0.61	0.42
14.147254	-0.60	0.40
14.157228	-0.61	0.41
14.167201	-0.64	0.41
14.176978	-0.63	0.41
14.186960	-0.66	0.41
14.196929	-0.66	0.41
14.206886	-0.68	0.42
14.216855	-0.69	0.42
14.226825	-0.70	0.42
14.236796	-0.71	0.43
14.246567	-0.71	0.43
14.256812	-0.72	0.44
14.266584	-0.72	0.43
14.276414	-0.72	0.43
14.286388	-0.72	0.42
14.296371	-0.72	0.44
14.306313	-0.73	0.44
14.316382	-0.72	0.45
14.326386	-0.72	0.45
14.336391	-0.72	0.45
14.346165	-0.71	0.44
14.356131	-0.72	0.43
14.366109	-0.72	0.43
14.376075	-0.75	0.45
14.386033	-0.75	0.45
14.396015	-0.74	0.45
14.405992	-0.76	0.46
14.415951	-0.77	0.47
14.425916	-0.79	0.47
14.435895	-0.79	0.48
14.445701	-0.78	0.48
14.455674	-0.77	0.47
14.465645	-0.77	0.47
14.475974	-0.76	0.47
14.485781	-0.76	0.50
14.495755	-0.74	0.51
14.505529	-0.74	0.51
14.515455	-0.74	0.50
14.525268	-0.74	0.49
14.535218	-0.74	0.49
14.545033	-0.74	0.50
14.554989	-0.75	0.50
14.564968	-0.74	0.50
14.574967	-0.74	0.51
14.584937	-0.73	0.49
14.594914	-0.73	0.49
14.604877	-0.73	0.49
14.614861	-0.73	0.49
14.624829	-0.72	0.49
14.634830	-0.71	0.49
14.644699	-0.73	0.49
14.654635	-0.71	0.49
14.664606	-0.72	0.49
14.674572	-0.75	0.49
14.684400	-0.77	0.50
14.694352	-0.77	0.50
14.704624	-0.77	0.51
14.714598	-0.77	0.51
14.724568	-0.76	0.50
14.734540	-0.79	0.49
14.744389	-0.78	0.49
14.754322	-0.78	0.48
14.764302	-0.76	0.48
14.774108	-0.77	0.48
14.784045	-0.76	0.49
14.794026	-0.80	0.49
14.803999	-0.80	0.49
14.813837	-0.81	0.49
14.823769	-0.81	0.50
14.833755	-0.78	0.50
14.843634	-0.79	0.50
14.853557	-0.78	0.51
14.863547	-0.78	0.52
14.873528	-0.79	0.51
14.883499	-0.78	0.52
14.893323	-0.79	0.52
14.903201	-0.78	0.51
14.913169	-0.77	0.50
14.923117	-0.77	0.51
14.933046	-0.77	0.51
14.942923	-0.77	0.52
14.952812	-0.77	0.52
14.962783	-0.77	0.51
14.972702	-0.79	0.51
14.982692	-0.78	0.49
14.992662	-0.78	0.49
15.002628	-0.77	0.49
15.012600	-0.77	0.49
15.022449	-0.76	0.50
15.032346	-0.76	0.51
15.042267	-0.75	0.51
15.052030	-0.74	0.50
15.061912	-0.75	0.49
15.071874	-0.75	0.49
15.081872	-0.76	0.49
15.091845	-0.78	0.49
15.101725	-0.77	0.49
15.111604	-0.77	0.48
15.121564	-0.76	0.48
15.131538	-0.76	0.45
15.141486	-0.76	0.44
15.151618	-0.75	0.45
15.161604	-0.78	0.44
15.171569	-0.78	0.43
15.181564	-0.77	0.43
15.191529	-0.75	0.44
15.201497	-0.75	0.42
15.211371	-0.74	0.42
15.221247	-0.76	0.42
15.231221	-0.79	0.43
15.241178	-0.77	0.43
15.251057	-0.75	0.43
15.261021	-0.74	0.44
15.270914	-0.73	0.44
15.280763	-0.72	0.44
15.290749	-0.70	0.44
15.300745	-0.70	0.44
15.310622	-0.70	0.44
15.320451	-0.71	0.44
15.330381	-0.70	0.44
15.340331	-0.69	0.44
15.350184	-0.69	0.43
15.360126	-0.69	0.43
15.370070	-0.70	0.42
15.380021	-0.70	0.42
15.389961	-0.69	0.42
15.399895	-0.70	0.41
15.409825	-0.69	0.41
15.419745	-0.70	0.40
15.429693	-0.68	0.40
15.439626	-0.67	0.41
15.449483	-0.70	0.40
15.459406	-0.70	0.41
15.469346	-0.70	0.42
15.479313	-0.70	0.42
15.489288	-0.70	0.44
15.499274	-0.69	0.44
15.509230	-0.70	0.43
15.519152	-0.71	0.42
15.528958	-0.71	0.42
15.538901	-0.71	0.43
15.556016	-0.71	0.44
15.567083	-0.70	0.44
15.578272	-0.71	0.42
15.589746	-0.71	0.41
15.600958	-0.69	0.41
15.616291	-0.68	0.42
15.631529	-0.65	0.42
15.646416	-0.65	0.42
15.656199	-0.66	0.42
15.662868	-0.65	0.42
15.669098	-0.66	0.42
15.675229	-0.66	0.43
15.681487	-0.66	0.43
15.687763	-0.66	0.43
15.694017	-0.65	0.43
15.700285	-0.66	0.44
15.706562	-0.65	0.45
15.712819	-0.66	0.44
15.719070	-0.65	0.44
15.725352	-0.65	0.43
15.731517	-0.65	0.43
15.737797	-0.65	0.42
15.744084	-0.65	0.44
15.750353	-0.64	0.44
15.756620	-0.64	0.44
15.762862	-0.65	0.44
15.769072	-0.65	0.43
15.775197	-0.65	0.41
15.781464	-0.66	0.41
15.787733	-0.67	0.42
15.793994	-0.67	0.42
15.800261	-0.67	0.42
15.806531	-0.68	0.42
15.812794	-0.67	0.42
15.819054	-0.66	0.42
15.825306	-0.67	0.42
15.831575	-0.67	0.41
15.837822	-0.67	0.42
15.844064	-0.67	0.41
15.850273	-0.70	0.40
15.856415	-0.70	0.41
15.862663	-0.70	0.41
15.868928	-0.69	0.40
15.875184	-0.71	0.39
15.881444	-0.72	0.40
15.887691	-0.72	0.39
15.893952	-0.71	0.40
15.900218	-0.71	0.41
15.906493	-0.70	0.41
15.912751	-0.70	0.41
15.919263	-0.69	0.42
15.925522	-0.69	0.42
15.931785	-0.70	0.42
15.938018	-0.69	0.45
15.944128	-0.69	0.44
15.950420	-0.69	0.45
15.956677	-0.69	0.45
15.962908	-0.68	0.45
15.969155	-0.68	0.46
15.975394	-0.68	0.45
15.981691	-0.68	0.45
15.987962	-0.67	0.45
15.994217	-0.68	0.44
16.000486	-0.67	0.44
16.006741	-0.67	0.45
16.013015	-0.70	0.45
16.019205	-0.70	0.45
16.025319	-0.70	0.45
16.031573	-0.70	0.45
16.037822	-0.70	0.45
16.044085	-0.71	0.45
16.050353	-0.70	0.46
16.056605	-0.69	0.46
16.062885	-0.69	0.46
16.069136	-0.69	0.46
16.075420	-0.68	0.47
16.081706	-0.69	0.46
16.087959	-0.69	0.46
16.094219	-0.72	0.46
16.100487	-0.72	0.45
16.106760	-0.72	0.45
16.113041	-0.72	0.45
16.119298	-0.72	0.44
16.125573	-0.73	0.44
16.131843	-0.73	0.44
16.138085	-0.73	0.44
16.144330	-0.73	0.46
16.150514	-0.75	0.46
16.156643	-0.75	0.46
16.162909	-0.75	0.47
16.169173	-0.75	0.47
16.175439	-0.76	0.47
16.181730	-0.76	0.47
16.187980	-0.75	0.47
16.194262	-0.76	0.47
16.200734	-0.74	0.47
16.206997	-0.74	0.47
16.213263	-0.74	0.48
16.219519	-0.73	0.48
16.225797	-0.72	0.48
16.232085	-0.71	0.48
16.238359	-0.71	0.48
16.244642	-0.70	0.49
16.250794	-0.70	0.50
16.256984	-0.70	0.50
16.263263	-0.69	0.49
16.269461	-0.70	0.50
16.275569	-0.69	0.50
16.281845	-0.69	0.49
16.288137	-0.69	0.49
16.294397	-0.68	0.50
16.300666	-0.69	0.50
16.306919	-0.69	0.50
16.313197	-0.69	0.50
16.319442	-0.69	0.50
16.325709	-0.69	0.50
16.331988	-0.69	0.50
16.338244	-0.68	0.49
16.344509	-0.69	0.49
16.350797	-0.69	0.49
16.357055	-0.69	0.49
16.366958	-0.69	0.49
16.376900	-0.68	0.49
16.386851	-0.69	0.49
16.396801	-0.68	0.48
16.406739	-0.67	0.48
16.416689	-0.67	0.48
16.426632	-0.66	0.47
16.436556	-0.66	0.48
16.446499	-0.65	0.49
16.456477	-0.66	0.48
16.466426	-0.68	0.48
16.476390	-0.69	0.48
16.486401	-0.69	0.48
16.496386	-0.72	0.48
16.506398	-0.72	0.47
16.516377	-0.72	0.46
16.526126	-0.73	0.46
16.536086	-0.73	0.45
16.546432	-0.73	0.45
16.556328	-0.73	0.45
16.566442	-0.72	0.45
16.576203	-0.72	0.45
16.586142	-0.72	0.44
16.596108	-0.72	0.45
16.606042	-0.73	0.45
16.615986	-0.73	0.44
16.625928	-0.71	0.43
16.635887	-0.70	0.43
16.645852	-0.69	0.43
16.655751	-0.69	0.43
16.665704	-0.68	0.42
16.675670	-0.68	0.42
16.685633	-0.67	0.41
16.695615	-0.67	0.40
16.705571	-0.67	0.41
16.715551	-0.68	0.41
16.725565	-0.68	0.41
16.735575	-0.68	0.42
16.745531	-0.67	0.42
16.755441	-0.67	0.42
16.765405	-0.67	0.42
16.775200	-0.68	0.43
16.784950	-0.67	0.43
16.794954	-0.68	0.43
16.804917	-0.67	0.44
16.814879	-0.67	0.44
16.824843	-0.67	0.43
16.834840	-0.67	0.44
16.844774	-0.67	0.44
16.858571	-0.67	0.45
16.868584	-0.68	0.44
16.878566	-0.68	0.44
16.888495	-0.68	0.45
16.898307	-0.69	0.45
16.908282	-0.70	0.44
16.918244	-0.71	0.45
16.928216	-0.74	0.45
16.938181	-0.78	0.46
16.948140	-0.78	0.47
16.958061	-0.78	0.48
16.968023	-0.77	0.49
16.977990	-0.78	0.49
16.987950	-0.76	0.48
16.998073	-0.76	0.47
17.008063	-0.77	0.46
17.018009	-0.78	0.46
17.027858	-0.81	0.46
17.037817	-0.80	0.50
17.047775	-0.77	0.51
17.057555	-0.77	0.51
17.067525	-0.77	0.51
17.077492	-0.77	0.51
17.087463	-0.77	0.51
17.097454	-0.78	0.50
17.107438	-0.78	0.49
17.117412	-0.76	0.49
17.127385	-0.78	0.49
17.137363	-0.78	0.48
17.147336	-0.78	0.47
17.157250	-0.77	0.47
17.167227	-0.77	0.49
17.177192	-0.77	0.48
17.187156	-0.77	0.48
17.197118	-0.79	0.47
17.206878	-0.82	0.47
17.216874	-0.81	0.46
17.226841	-0.81	0.46
17.236805	-0.80	0.46
17.246778	-0.78	0.45
17.256691	-0.78	0.46
17.266669	-0.78	0.45
17.276435	-0.78	0.44
17.286392	-0.78	0.43
17.296138	-0.77	0.42
17.306097	-0.77	0.43
17.316069	-0.76	0.42
17.326024	-0.75	0.42
17.335990	-0.76	0.42
17.345950	-0.73	0.42
17.355891	-0.73	0.42
17.365865	-0.71	0.42
17.375846	-0.71	0.42
17.385837	-0.71	0.42
17.395817	-0.70	0.43
17.405773	-0.69	0.44
17.415555	-0.69	0.44
17.425560	-0.69	0.44
17.435552	-0.69	0.46
17.445776	-0.67	0.46
17.455713	-0.66	0.46
17.465678	-0.64	0.46
17.475634	-0.68	0.47
17.485590	-0.67	0.50
17.495547	-0.68	0.50
17.505568	-0.68	0.49
17.515563	-0.68	0.48
17.525375	-0.70	0.47
17.535317	-0.69	0.48
17.545306	-0.70	0.48
17.555285	-0.69	0.49
17.565231	-0.68	0.49
17.575207	-0.67	0.49
17.585190	-0.67	0.49
17.595174	-0.70	0.50
17.605145	-0.68	0.50
17.615115	-0.68	0.48
17.624904	-0.67	0.46
17.634980	-0.68	0.45
17.644953	-0.67	0.43
17.654913	-0.65	0.42
17.664937	-0.63	0.41
17.674926	-0.61	0.40
17.684890	-0.61	0.40
17.694860	-0.60	0.40
17.704839	-0.62	0.37
17.714846	-0.62	0.35
17.724865	-0.64	0.31
17.734834	-0.64	0.28
17.744843	-0.64	0.26
17.754862	-0.65	0.26
17.764929	-0.64	0.27
17.774733	-0.65	0.27
17.784679	-0.66	0.28
17.794657	-0.66	0.27
17.804626	-0.67	0.29
17.814598	-0.68	0.29
17.824563	-0.69	0.30
17.834356	-0.70	0.28
17.844274	-0.71	0.29
17.854214	-0.72	0.31
17.864199	-0.72	0.34
17.874133	-0.73	0.39
17.884065	-0.74	0.41
17.894289	-0.76	0.43
17.904245	-0.77	0.50
17.914188	-0.80	0.50
17.924125	-0.81	0.52
17.934043	-0.82	0.54
17.943983	-0.83	0.57
17.953925	-0.85	0.58
17.963879	-0.86	0.59
17.973831	-0.87	0.61
17.983778	-0.88	0.63
17.993763	-0.88	0.66
18.003737	-0.86	0.67
18.013700	-0.87	0.66
18.023517	-0.88	0.67
18.033471	-0.86	0.67
18.043287	-0.86	0.66
18.053206	-0.88	0.65
18.063175	-0.87	0.65
18.073146	-0.89	0.64
18.083126	-0.87	0.63
18.093109	-0.86	0.62
18.103083	-0.85	0.65
18.113056	-0.87	0.65
18.123019	-0.85	0.66
18.132991	-0.83	0.64
18.142944	-0.83	0.63
18.152926	-0.83	0.63
18.162755	-0.81	0.66
18.172654	-0.80	0.65
18.182630	-0.77	0.65
18.192612	-0.77	0.64
18.202575	-0.77	0.63
18.212538	-0.78	0.63
18.222508	-0.82	0.61
18.232466	-0.82	0.62
18.242429	-0.80	0.62
18.252266	-0.80	0.59
18.262035	-0.80	0.58
18.271794	-0.78	0.57
18.281675	-0.80	0.56
18.291664	-0.79	0.56
18.301630	-0.76	0.59
18.311601	-0.75	0.59
18.321555	-0.76	0.58
18.331430	-0.76	0.59
18.341588	-0.79	0.59
18.351571	-0.78	0.57
18.361422	-0.77	0.56
18.371287	-0.76	0.53
18.381257	-0.78	0.51
18.391235	-0.78	0.52
18.401210	-0.77	0.51
18.411169	-0.77	0.52
18.421132	-0.76	0.52
18.431104	-0.78	0.51
18.441060	-0.78	0.52
18.451040	-0.78	0.53
18.460916	-0.76	0.54
18.470780	-0.75	0.54
18.480759	-0.78	0.54
18.490756	-0.77	0.55
18.500745	-0.77	0.54
18.510711	-0.77	0.54
18.520594	-0.77	0.53
18.530436	-0.77	0.51
18.540414	-0.77	0.50
18.550379	-0.78	0.50
18.560284	-0.77	0.50
18.570044	-0.78	0.51
18.580057	-0.79	0.50
18.590021	-0.78	0.50
18.599987	-0.76	0.50
18.609922	-0.73	0.50
18.619856	-0.73	0.48
18.629790	-0.72	0.49
18.639736	-0.70	0.49
18.656873	-0.70	0.49
18.668166	-0.70	0.49
18.679325	-0.70	0.49
18.690690	-0.71	0.50
18.701979	-0.70	0.49
18.716669	-0.70	0.49
18.732325	-0.70	0.48
18.751969	-0.71	0.47
18.766261	-0.71	0.48
18.772998	-0.71	0.48
18.779224	-0.71	0.49
18.785476	-0.71	0.48
18.791632	-0.71	0.48
18.798015	-0.70	0.48
18.804291	-0.71	0.48
18.810559	-0.72	0.49
18.816857	-0.72	0.49
18.823113	-0.74	0.45
18.829380	-0.74	0.46
18.835632	-0.74	0.46
18.841915	-0.73	0.47
18.848184	-0.74	0.46
18.854429	-0.74	0.45
18.860682	-0.74	0.46
18.866944	-0.74	0.46
18.873204	-0.74	0.46
18.879407	-0.74	0.46
18.885519	-0.77	0.46
18.891804	-0.77	0.46
18.898095	-0.78	0.46
18.904338	-0.77	0.46
18.910604	-0.78	0.45
18.916880	-0.78	0.45
18.923138	-0.78	0.45
18.929402	-0.77	0.44
18.935653	-0.78	0.43
18.941920	-0.78	0.43
18.948185	-0.78	0.44
18.954425	-0.77	0.44
18.960695	-0.75	0.44
18.966955	-0.75	0.43
18.973065	-0.75	0.43
18.979228	-0.75	0.43
18.985498	-0.76	0.43
18.991763	-0.76	0.43
18.998053	-0.78	0.43
19.004291	-0.79	0.43
19.010562	-0.78	0.43
19.016824	-0.78	0.44
19.022928	-0.79	0.46
19.029118	-0.79	0.46
19.035362	-0.79	0.45
19.041627	-0.79	0.45
19.047851	-0.79	0.45
19.053963	-0.78	0.45
19.060169	-0.78	0.44
19.066460	-0.78	0.44
19.072715	-0.78	0.44
19.079182	-0.77	0.44
19.085461	-0.77	0.44
19.091617	-0.77	0.43
19.097819	-0.76	0.44
19.104073	-0.76	0.44
19.110380	-0.77	0.44
19.116661	-0.78	0.44
19.122917	-0.78	0.44
19.129183	-0.78	0.44
19.135413	-0.79	0.45
19.141714	-0.78	0.45
19.147970	-0.78	0.45
19.154227	-0.78	0.45
19.160483	-0.77	0.45
19.166762	-0.76	0.45
19.173028	-0.75	0.45
19.179299	-0.75	0.45
19.185545	-0.75	0.44
19.191830	-0.74	0.44
19.198116	-0.74	0.44
19.204361	-0.73	0.45
19.210627	-0.73	0.45
19.216901	-0.72	0.46
19.223151	-0.71	0.46
19.229426	-0.71	0.46
19.235673	-0.71	0.46
19.241939	-0.70	0.46
19.248208	-0.70	0.46
19.254449	-0.70	0.46
19.260717	-0.70	0.46
19.266985	-0.71	0.47
19.273092	-0.71	0.46
19.279288	-0.71	0.46
19.285544	-0.73	0.46
19.291827	-0.73	0.46
19.298068	-0.72	0.46
19.304177	-0.72	0.47
19.310449	-0.72	0.48
19.316749	-0.72	0.48
19.323008	-0.71	0.48
19.329271	-0.72	0.48
19.335500	-0.72	0.48
19.341783	-0.72	0.48
19.348038	-0.72	0.48
19.354294	-0.72	0.47
19.360752	-0.72	0.47
19.367028	-0.72	0.48
19.373124	-0.74	0.48
19.379318	-0.73	0.48
19.385561	-0.73	0.49
19.391826	-0.73	0.50
19.398073	-0.73	0.49
19.404313	-0.73	0.49
19.410569	-0.72	0.49
19.416822	-0.72	0.49
19.423071	-0.72	0.49
19.429326	-0.75	0.49
19.435566	-0.77	0.49
19.441825	-0.77	0.49
19.448076	-0.77	0.50
19.454314	-0.77	0.49
19.460559	-0.77	0.50
19.466718	-0.77	0.50
19.476670	-0.79	0.50
19.486658	-0.79	0.51
19.496646	-0.80	0.50
19.506617	-0.80	0.50
19.516536	-0.82	0.50
19.526295	-0.81	0.50
19.536311	-0.83	0.50
19.546306	-0.82	0.50
19.556292	-0.82	0.50
19.566185	-0.81	0.51
19.576114	-0.81	0.50
19.586064	-0.82	0.50
19.596023	-0.82	0.50
19.605972	-0.80	0.51
19.615924	-0.78	0.51
19.625859	-0.78	0.50
19.635792	-0.80	0.50
19.645744	-0.80	0.50
19.655669	-0.79	0.51
19.665566	-0.79	0.51
19.675603	-0.81	0.51
19.685523	-0.81	0.52
19.695460	-0.81	0.52
19.705390	-0.82	0.52
19.715326	-0.82	0.52
19.725116	-0.82	0.52
19.735092	-0.82	0.51
19.745351	-0.82	0.51
19.755357	-0.81	0.50
19.765276	-0.81	0.49
19.775027	-0.80	0.49
19.784952	-0.79	0.49
19.794883	-0.80	0.48
19.804868	-0.80	0.49
19.814845	-0.82	0.49
19.824886	-0.83	0.49
19.834851	-0.83	0.48
19.844849	-0.81	0.48
19.854864	-0.79	0.48
19.864825	-0.79	0.48
19.874763	-0.77	0.49
19.884732	-0.77	0.52
19.894705	-0.80	0.52
19.904684	-0.80	0.52
19.914649	-0.80	0.52
19.924619	-0.80	0.51
19.934428	-0.81	0.51
19.944338	-0.80	0.50
19.954308	-0.82	0.50
19.964229	-0.80	0.51
19.974217	-0.78	0.50
19.984172	-0.78	0.49
19.994169	-0.78	0.50
20.004159	-0.77	0.51
20.014188	-0.77	0.51
20.023988	-0.80	0.51
20.033910	-0.80	0.51
20.043891	-0.80	0.51
20.053875	-0.80	0.51
20.063835	-0.80	0.51
20.073739	-0.80	0.52
20.083712	-0.80	0.53
20.093681	-0.78	0.53
20.103665	-0.77	0.52
20.113639	-0.76	0.53
20.123602	-0.74	0.52
20.133568	-0.74	0.52
20.143367	-0.73	0.52
20.153263	-0.72	0.52
20.163243	-0.73	0.52
20.173145	-0.73	0.51
20.183114	-0.75	0.50
20.193363	-0.74	0.49
20.203381	-0.74	0.49
20.213353	-0.76	0.49
20.223300	-0.75	0.49
20.233263	-0.75	0.49
20.243225	-0.75	0.49
20.253199	-0.76	0.49
20.263159	-0.76	0.48
20.272932	-0.76	0.49
20.282820	-0.75	0.48
20.292775	-0.76	0.45
20.302762	-0.76	0.44
20.312748	-0.75	0.45
20.322769	-0.77	0.46
20.332735	-0.79	0.47
20.342693	-0.79	0.47
20.352540	-0.78	0.46
20.362448	-0.78	0.48
20.372352	-0.78	0.49
20.382350	-0.77	0.48
20.392309	-0.75	0.49
20.402276	-0.74	0.48
20.412521	-0.75	0.47
20.422320	-0.73	0.46
20.432222	-0.75	0.46
20.442073	-0.75	0.46
20.451942	-0.75	0.47
20.461894	-0.74	0.48
20.471777	-0.75	0.47
20.481738	-0.74	0.46
20.491715	-0.72	0.47
20.501696	-0.71	0.47
20.511671	-0.69	0.47
20.521545	-0.69	0.46
20.531425	-0.67	0.45
20.541381	-0.70	0.45
20.551360	-0.71	0.46
20.561230	-0.70	0.47
20.571080	-0.69	0.47
20.581064	-0.69	0.47
20.591013	-0.70	0.46
20.600980	-0.73	0.46
20.610951	-0.74	0.46
20.620907	-0.74	0.46
20.630851	-0.73	0.46
20.643485	-0.73	0.47
20.653480	-0.73	0.47
20.663422	-0.73	0.48
20.673317	-0.76	0.47
20.683273	-0.76	0.48
20.693203	-0.77	0.48
20.703176	-0.74	0.48
20.713101	-0.75	0.48
20.723065	-0.75	0.48
20.733042	-0.76	0.48
20.743001	-0.75	0.48
20.752972	-0.76	0.48
20.762947	-0.79	0.49
20.772719	-0.81	0.48
20.782607	-0.79	0.49
20.792539	-0.78	0.50
20.802496	-0.77	0.50
20.812438	-0.79	0.50
20.822360	-0.77	0.51
20.832283	-0.77	0.53
20.842218	-0.75	0.52
20.852161	-0.74	0.53
20.862106	-0.74	0.54
20.872117	-0.74	0.54
20.882080	-0.74	0.54
20.892056	-0.74	0.55
20.902042	-0.74	0.54
20.912028	-0.74	0.55
20.921970	-0.74	0.54
20.931917	-0.74	0.54
20.941865	-0.75	0.53
20.951800	-0.74	0.53
20.961750	-0.76	0.54
20.971685	-0.74	0.53
20.981549	-0.74	0.53
20.991466	-0.73	0.54
21.001468	-0.74	0.54
21.011448	-0.73	0.53
21.021319	-0.73	0.53
21.031171	-0.73	0.54
21.041155	-0.73	0.53
21.051031	-0.75	0.52
21.060915	-0.77	0.53
21.070874	-0.76	0.53
21.080868	-0.74	0.52
21.091117	-0.72	0.53
21.101109	-0.72	0.53
21.111093	-0.71	0.52
21.121057	-0.71	0.53
21.131029	-0.71	0.53
21.140982	-0.71	0.53
21.150963	-0.71	0.53
21.160933	-0.71	0.53
21.170888	-0.71	0.53
21.180864	-0.72	0.53
21.190747	-0.72	0.53
21.200584	-0.72	0.54
21.210564	-0.71	0.54
21.220562	-0.71	0.54
21.230540	-0.72	0.55
21.240516	-0.70	0.55
21.250525	-0.70	0.55
21.260490	-0.70	0.56
21.270360	-0.68	0.55
21.280211	-0.66	0.55
21.290165	-0.66	0.55
21.300135	-0.66	0.55
21.310111	-0.67	0.56
21.320093	-0.67	0.56
21.330059	-0.67	0.56
21.340043	-0.68	0.55
21.350028	-0.68	0.55
21.360023	-0.68	0.56
21.370024	-0.68	0.55
21.380010	-0.68	0.54
21.389992	-0.68	0.55
21.399883	-0.71	0.54
21.409711	-0.71	0.54
21.419688	-0.70	0.54
21.429664	-0.68	0.54
21.439639	-0.68	0.54
21.449557	-0.68	0.54
21.459511	-0.68	0.56
21.469449	-0.69	0.55
21.479393	-0.69	0.55
21.489374	-0.73	0.54
21.499338	-0.75	0.53
21.509329	-0.75	0.54
21.519249	-0.73	0.53
21.529069	-0.73	0.53
21.539312	-0.74	0.54
21.549298	-0.73	0.54
21.559266	-0.74	0.54
21.569187	-0.73	0.54
21.578997	-0.71	0.54
21.588977	-0.69	0.54
21.598955	-0.72	0.54
21.608892	-0.72	0.54
21.618708	-0.72	0.55
21.628659	-0.72	0.55
21.638623	-0.72	0.55
21.648563	-0.71	0.54
21.658531	-0.71	0.54
21.668490	-0.71	0.56
21.678282	-0.71	0.56
21.688241	-0.72	0.56
21.698174	-0.71	0.56
21.708157	-0.72	0.55
21.718092	-0.72	0.54
21.728030	-0.75	0.53
21.737975	-0.75	0.53
21.747921	-0.74	0.53
21.757845	-0.74	0.53
21.779107	-0.74	0.52
21.790241	-0.74	0.52
21.801414	-0.75	0.55
21.812707	-0.78	0.55
21.824015	-0.78	0.54
21.835690	-0.77	0.54
21.856269	-0.77	0.53
21.873725	-0.80	0.54
21.886657	-0.83	0.54
21.892818	-0.82	0.54
21.899021	-0.82	0.54
21.905281	-0.82	0.55
21.911441	-0.81	0.55
21.917610	-0.79	0.55
21.923839	-0.82	0.55
21.930087	-0.81	0.55
21.936306	-0.82	0.55
21.942585	-0.83	0.55
21.948820	-0.83	0.55
21.955042	-0.82	0.55
21.961292	-0.81	0.54
21.967526	-0.81	0.54
21.973987	-0.81	0.54
21.980219	-0.81	0.53
21.986489	-0.81	0.54
21.992745	-0.81	0.53
21.999010	-0.81	0.54
22.005256	-0.80	0.54
22.011547	-0.80	0.53
22.017796	-0.80	0.52
22.023899	-0.79	0.52
22.030008	-0.80	0.52
22.036131	-0.80	0.52
22.042413	-0.80	0.52
22.048700	-0.80	0.52
22.054967	-0.80	0.52
22.061279	-0.80	0.53
22.067538	-0.80	0.52
22.073793	-0.79	0.52
22.080056	-0.79	0.51
22.086301	-0.78	0.51
22.092471	-0.80	0.52
22.098656	-0.80	0.52
22.104925	-0.79	0.52
22.111213	-0.79	0.52
22.117484	-0.80	0.51
22.123747	-0.80	0.51
22.130012	-0.79	0.51
22.136257	-0.78	0.52
22.142544	-0.78	0.52
22.148812	-0.77	0.53
22.155058	-0.77	0.52
22.161323	-0.77	0.53
22.167592	-0.79	0.52
22.173855	-0.79	0.53
22.180103	-0.78	0.54
22.186347	-0.77	0.54
22.192658	-0.77	0.53
22.198922	-0.77	0.53
22.205168	-0.76	0.52
22.211456	-0.76	0.53
22.217721	-0.76	0.52
22.223990	-0.76	0.52
22.230246	-0.76	0.51
22.236513	-0.78	0.51
22.242629	-0.78	0.52
22.248816	-0.78	0.51
22.255279	-0.77	0.51
22.261570	-0.76	0.51
22.267818	-0.76	0.51
22.273936	-0.75	0.50
22.280145	-0.75	0.50
22.286401	-0.75	0.51
22.292677	-0.73	0.51
22.298945	-0.76	0.50
22.305211	-0.76	0.50
22.311481	-0.76	0.50
22.317749	-0.75	0.51
22.324015	-0.75	0.51
22.330282	-0.77	0.51
22.336534	-0.76	0.50
22.342780	-0.76	0.50
22.349057	-0.76	0.50
22.355302	-0.76	0.50
22.361581	-0.76	0.50
22.367856	-0.75	0.49
22.374101	-0.75	0.50
22.380415	-0.75	0.50
22.386667	-0.74	0.49
22.392925	-0.74	0.49
22.399190	-0.74	0.49
22.405436	-0.74	0.49
22.411724	-0.74	0.48
22.417991	-0.74	0.48
22.424262	-0.74	0.48
22.430523	-0.74	0.48
22.436778	-0.74	0.48
22.443035	-0.73	0.48
22.449241	-0.73	0.48
22.455351	-0.73	0.48
22.461590	-0.73	0.50
22.467860	-0.74	0.49
22.474097	-0.73	0.50
22.480365	-0.73	0.50
22.486626	-0.73	0.49
22.492741	-0.72	0.49
22.498931	-0.72	0.48
22.505191	-0.73	0.49
22.511480	-0.73	0.49
22.517732	-0.73	0.49
22.523840	-0.73	0.49
22.530056	-0.73	0.49
22.536520	-0.74	0.50
22.542791	-0.74	0.51
22.549056	-0.75	0.51
22.555303	-0.75	0.51
22.561568	-0.75	0.50
22.567835	-0.75	0.50
22.574041	-0.76	0.51
22.582291	-0.76	0.50
22.592285	-0.78	0.50
22.602246	-0.78	0.50
22.612227	-0.77	0.51
22.622181	-0.77	0.50
22.632149	-0.79	0.50
22.642121	-0.82	0.51
22.652092	-0.80	0.51
22.661948	-0.78	0.50
22.671827	-0.76	0.50
22.681707	-0.78	0.50
22.691690	-0.80	0.50
22.701658	-0.82	0.49
22.711642	-0.82	0.50
22.721626	-0.83	0.49
22.731597	-0.82	0.49
22.741575	-0.82	0.49
22.751555	-0.81	0.48
22.761524	-0.83	0.50
22.771391	-0.81	0.49
22.781224	-0.84	0.49
22.791181	-0.84	0.49
22.801132	-0.84	0.49
22.811070	-0.84	0.49
22.821033	-0.84	0.49
22.830982	-0.82	0.49
22.840928	-0.84	0.50
22.850893	-0.85	0.51
22.860855	-0.84	0.51
22.870733	-0.84	0.51
22.880577	-0.85	0.51
22.890528	-0.85	0.50
22.900478	-0.85	0.49
22.910410	-0.84	0.50
22.920347	-0.85	0.49
22.930289	-0.84	0.50
22.940211	-0.84	0.49
22.950139	-0.84	0.48
22.960382	-0.83	0.47
22.970312	-0.84	0.47
22.980172	-0.83	0.45
22.990152	-0.84	0.46
23.000120	-0.84	0.46
23.010087	-0.86	0.49
23.019990	-0.89	0.49
23.029809	-0.86	0.49
23.039787	-0.86	0.48
23.049745	-0.86	0.47
23.059735	-0.85	0.47
23.069700	-0.85	0.48
23.079527	-0.82	0.48
23.089379	-0.82	0.48
23.099365	-0.82	0.49
23.109326	-0.81	0.49
23.119300	-0.81	0.49
23.129217	-0.81	0.49
23.139051	-0.80	0.49
23.149034	-0.81	0.49
23.159006	-0.81	0.48
23.168979	-0.81	0.48
23.178859	-0.83	0.46
23.188839	-0.84	0.46
23.198805	-0.84	0.46
23.208768	-0.83	0.45
23.218760	-0.85	0.46
23.228736	-0.86	0.45
23.238715	-0.85	0.45
23.248700	-0.85	0.45
23.258658	-0.84	0.46
23.268588	-0.84	0.47
23.278384	-0.84	0.48
23.288345	-0.84	0.47
23.298139	-0.84	0.48
23.308100	-0.86	0.47
23.318069	-0.85	0.47
23.328004	-0.88	0.47
23.337961	-0.87	0.47
23.347909	-0.87	0.46
23.357848	-0.87	0.46
23.367833	-0.84	0.47
23.377704	-0.84	0.47
23.387657	-0.84	0.46
23.397602	-0.84	0.46
23.407855	-0.83	0.46
23.417824	-0.83	0.45
23.427762	-0.82	0.45
23.437721	-0.83	0.45
23.447652	-0.82	0.45
23.457570	-0.82	0.45
23.467507	-0.80	0.45
23.477360	-0.83	0.45
23.487332	-0.83	0.45
23.497305	-0.82	0.46
23.507229	-0.82	0.46
23.517216	-0.82	0.46
23.526958	-0.82	0.46
23.536735	-0.83	0.47
23.546713	-0.82	0.46
23.556674	-0.83	0.46
23.566677	-0.82	0.45
23.576593	-0.82	0.45
23.586563	-0.80	0.45
23.596530	-0.82	0.45
23.606488	-0.85	0.45
23.616243	-0.88	0.45
23.626179	-0.89	0.46
23.636115	-0.92	0.46
23.646037	-0.92	0.46
23.656025	-0.90	0.46
23.665995	-0.88	0.46
23.675908	-0.88	0.45
23.685857	-0.87	0.45
23.695841	-0.87	0.49
23.705806	-0.86	0.48
23.715572	-0.86	0.48
23.725533	-0.85	0.48
23.735500	-0.83	0.47
23.745472	-0.82	0.47
23.755433	-0.80	0.47
23.765404	-0.79	0.47
23.775192	-0.79	0.48
23.785144	-0.78	0.48
23.795117	-0.78	0.49
23.805074	-0.78	0.49
23.815050	-0.75	0.49
23.825025	-0.75	0.49
23.834995	-0.75	0.48
23.844955	-0.74	0.48
23.855208	-0.74	0.48
23.865199	-0.73	0.48
23.875157	-0.75	0.47
23.885124	-0.75	0.47
23.895104	-0.76	0.46
23.905066	-0.76	0.47
23.915048	-0.76	0.47
23.924839	-0.76	0.48
23.934768	-0.76	0.48
23.944695	-0.76	0.49
23.954635	-0.76	0.51
23.964576	-0.75	0.52
23.974504	-0.75	0.52
23.984418	-0.75	0.53
23.994391	-0.74	0.53
24.004368	-0.74	0.52
24.014354	-0.75	0.52
24.024178	-0.75	0.52
24.034096	-0.77	0.52
24.044051	-0.76	0.51
24.054027	-0.76	0.52
24.063986	-0.76	0.51
24.073942	-0.75	0.51
24.083870	-0.74	0.50
24.093864	-0.72	0.49
24.103820	-0.72	0.49
24.113785	-0.71	0.50
24.123763	-0.74	0.50
24.133595	-0.74	0.50
24.143582	-0.74	0.49
24.153559	-0.74	0.50
24.163545	-0.75	0.48
24.173498	-0.75	0.48
24.183568	-0.75	0.48
24.193556	-0.74	0.49
24.203526	-0.72	0.49
24.213493	-0.70	0.49
24.223460	-0.73	0.50
24.233490	-0.73	0.50
24.243494	-0.73	0.50
24.253484	-0.73	0.50
24.263498	-0.71	0.50
24.273327	-0.71	0.50
24.283241	-0.70	0.50
24.293216	-0.71	0.50
24.303497	-0.73	0.49
24.313472	-0.73	0.48
24.323483	-0.72	0.48
24.333453	-0.73	0.48
24.343261	-0.73	0.48
24.353141	-0.73	0.49
24.363104	-0.73	0.48
24.373036	-0.74	0.48
24.382982	-0.73	0.47
24.392916	-0.71	0.48
24.402847	-0.70	0.49
24.412781	-0.70	0.49
24.422719	-0.70	0.49
24.432651	-0.68	0.50
24.442580	-0.68	0.50
24.452516	-0.70	0.50
24.462458	-0.68	0.50
24.472383	-0.68	0.51
24.482315	-0.69	0.51
24.492286	-0.70	0.50
24.502261	-0.72	0.50
24.512238	-0.70	0.50
24.522088	-0.73	0.50
24.531963	-0.74	0.51
24.541942	-0.74	0.50
24.551794	-0.72	0.50
24.561671	-0.70	0.50
24.571551	-0.70	0.50
24.581461	-0.73	0.49
24.591452	-0.73	0.50
24.601427	-0.72	0.49
24.611391	-0.74	0.50
24.621385	-0.72	0.49
24.631365	-0.72	0.50
24.641355	-0.72	0.50
24.651364	-0.75	0.53
24.661388	-0.74	0.52
24.671349	-0.77	0.53
24.681261	-0.77	0.52
24.691117	-0.77	0.52
24.701106	-0.75	0.52
24.711073	-0.75	0.51
24.721051	-0.75	0.52
24.731024	-0.75	0.52
24.740988	-0.74	0.52
24.751241	-0.77	0.52
24.761114	-0.75	0.53
24.770886	-0.74	0.53
24.780663	-0.75	0.52
24.790507	-0.75	0.52
24.800449	-0.75	0.52
24.810388	-0.75	0.52
24.820362	-0.74	0.52
24.830311	-0.74	0.53
24.840252	-0.74	0.54
24.850194	-0.74	0.54
24.860117	-0.72	0.53
24.870047	-0.75	0.53
24.879929	-0.75	0.53
24.902151	-0.76	0.54
24.913386	-0.76	0.54
24.924719	-0.76	0.54
24.936158	-0.78	0.54
24.947292	-0.78	0.54
24.963172	-0.81	0.54
24.975999	-0.79	0.54
24.988761	-0.78	0.55
24.994922	-0.76	0.54
25.001167	-0.76	0.54
25.007440	-0.77	0.54
25.013554	-0.77	0.54
25.019690	-0.75	0.54
25.025824	-0.75	0.54
25.032087	-0.75	0.54
25.038352	-0.76	0.53
25.044610	-0.76	0.54
25.050777	-0.76	0.54
25.056916	-0.76	0.54
25.063179	-0.74	0.55
25.069440	-0.74	0.55
25.075705	-0.74	0.55
25.081976	-0.72	0.56
25.088241	-0.72	0.55
25.094507	-0.71	0.56
25.100760	-0.69	0.55
25.107020	-0.69	0.54
25.113263	-0.71	0.55
25.119532	-0.71	0.56
25.125822	-0.71	0.56
25.132090	-0.70	0.55
25.138579	-0.70	0.56
25.144840	-0.70	0.55
25.151108	-0.70	0.56
25.157377	-0.70	0.56
25.163643	-0.70	0.56
25.169888	-0.70	0.57
25.176133	-0.70	0.57
25.182277	-0.70	0.56
25.188401	-0.70	0.57
25.194533	-0.69	0.57
25.200774	-0.70	0.57
25.207042	-0.70	0.56
25.213156	-0.72	0.56
25.219349	-0.72	0.56
25.225630	-0.72	0.56
25.231907	-0.72	0.57
25.238197	-0.73	0.56
25.244465	-0.73	0.58
25.250731	-0.73	0.58
25.257005	-0.73	0.58
25.263275	-0.73	0.58
25.269479	-0.72	0.57
25.275595	-0.72	0.58
25.281863	-0.72	0.59
25.288112	-0.72	0.58
25.294378	-0.73	0.59
25.300643	-0.73	0.58
25.306920	-0.73	0.58
25.313179	-0.73	0.58
25.319432	-0.73	0.58
25.325710	-0.71	0.58
25.331998	-0.71	0.58
25.338243	-0.71	0.59
25.344510	-0.71	0.59
25.350776	-0.72	0.59
25.357053	-0.72	0.58
25.363308	-0.71	0.58
25.369556	-0.70	0.59
25.375820	-0.71	0.59
25.382110	-0.71	0.58
25.388323	-0.71	0.58
25.394439	-0.72	0.58
25.400645	-0.72	0.57
25.406900	-0.72	0.58
25.413131	-0.72	0.60
25.419586	-0.71	0.59
25.425842	-0.71	0.59
25.432086	-0.71	0.58
25.438328	-0.71	0.58
25.444553	-0.71	0.58
25.450840	-0.71	0.58
25.457090	-0.71	0.58
25.463317	-0.71	0.58
25.469550	-0.71	0.58
25.475794	-0.70	0.58
25.482006	-0.72	0.57
25.488272	-0.72	0.58
25.494521	-0.72	0.58
25.500797	-0.73	0.58
25.507073	-0.73	0.59
25.513353	-0.73	0.59
25.519553	-0.74	0.59
25.525672	-0.72	0.59
25.531920	-0.72	0.59
25.538178	-0.73	0.58
25.544466	-0.73	0.58
25.550734	-0.75	0.59
25.557006	-0.75	0.58
25.563278	-0.74	0.58
25.569538	-0.75	0.57
25.575793	-0.75	0.57
25.582064	-0.75	0.57
25.588313	-0.75	0.57
25.594577	-0.75	0.57
25.600745	-0.75	0.56
25.606933	-0.75	0.56
25.613052	-0.75	0.55
25.619250	-0.75	0.56
25.625532	-0.77	0.56
25.631821	-0.77	0.56
25.638068	-0.77	0.56
25.644314	-0.77	0.55
25.650576	-0.79	0.54
25.656851	-0.79	0.54
25.663132	-0.77	0.54
25.669381	-0.77	0.54
25.675643	-0.77	0.53
25.681934	-0.77	0.53
25.688880	-0.77	0.53
25.698876	-0.77	0.53
25.712107	-0.76	0.53
25.722087	-0.76	0.53
25.732072	-0.78	0.53
25.742085	-0.78	0.53
25.752055	-0.78	0.52
25.762074	-0.78	0.53
25.771971	-0.80	0.53
25.781851	-0.82	0.53
25.791753	-0.82	0.53
25.801728	-0.82	0.53
25.811599	-0.82	0.54
25.821484	-0.82	0.54
25.831455	-0.82	0.53
25.841390	-0.82	0.53
25.851316	-0.82	0.53
25.861270	-0.82	0.53
25.871201	-0.84	0.52
25.881130	-0.84	0.51
25.891017	-0.86	0.51
25.900982	-0.86	0.51
25.910930	-0.89	0.52
25.920878	-0.89	0.52
25.930835	-0.91	0.52
25.940808	-0.91	0.51
25.950739	-0.90	0.51
25.960653	-0.90	0.51
25.970588	-0.90	0.49
25.980505	-0.90	0.49
25.990412	-0.89	0.49
26.000397	-0.89	0.50
26.010374	-0.88	0.53
26.020274	-0.88	0.53
26.030141	-0.88	0.53
26.040128	-0.88	0.54
26.050098	-0.88	0.53
26.060054	-0.90	0.53
26.070014	-0.91	0.52
26.079973	-0.91	0.52
26.089876	-0.90	0.51
26.099856	-0.90	0.52
26.109831	-0.90	0.51
26.119810	-0.90	0.51
26.129778	-0.88	0.51
26.139743	-0.87	0.51
26.149701	-0.87	0.51
26.159960	-0.84	0.52
26.169937	-0.84	0.52
26.179895	-0.83	0.55
26.189805	-0.82	0.56
26.199788	-0.82	0.55
26.209772	-0.85	0.55
26.219728	-0.83	0.55
26.229652	-0.82	0.54
26.239489	-0.85	0.54
26.249467	-0.84	0.55
26.259423	-0.84	0.55
26.269340	-0.87	0.55
26.279161	-0.87	0.55
26.289075	-0.86	0.54
26.299059	-0.86	0.54
26.309036	-0.86	0.54
26.319000	-0.86	0.53
26.328991	-0.87	0.54
26.338969	-0.87	0.54
26.348947	-0.87	0.55
26.358911	-0.86	0.55
26.368872	-0.86	0.55
26.378840	-0.84	0.54
26.388774	-0.84	0.55
26.398751	-0.84	0.55
26.408722	-0.84	0.55
26.418697	-0.84	0.55
26.428682	-0.85	0.55
26.438630	-0.85	0.56
26.448436	-0.85	0.57
26.458787	-0.85	0.57
26.468631	-0.85	0.57
26.478563	-0.84	0.57
26.488376	-0.84	0.57
26.498377	-0.83	0.57
26.508354	-0.81	0.58
26.518304	-0.80	0.56
26.528104	-0.81	0.57
26.538089	-0.80	0.54
26.548053	-0.79	0.52
26.558015	-0.79	0.53
26.567999	-0.79	0.53
26.577956	-0.78	0.52
26.587935	-0.79	0.52
26.597911	-0.79	0.53
26.608204	-0.79	0.53
26.618188	-0.79	0.53
26.628170	-0.79	0.54
26.638154	-0.79	0.54
26.648095	-0.79	0.53
26.658157	-0.79	0.53
26.668144	-0.76	0.53
26.678108	-0.77	0.53
26.688064	-0.77	0.53
26.698062	-0.76	0.53
26.708020	-0.76	0.53
26.717983	-0.76	0.52
26.727947	-0.75	0.51
26.737930	-0.73	0.51
26.747913	-0.73	0.50
26.757888	-0.73	0.50
26.767849	-0.72	0.51
26.777623	-0.72	0.52
26.787577	-0.71	0.51
26.797575	-0.73	0.53
26.807543	-0.73	0.53
26.817516	-0.73	0.53
26.827495	-0.73	0.53
26.837471	-0.76	0.53
26.847425	-0.75	0.52
26.857382	-0.76	0.52
26.867255	-0.77	0.51
26.877198	-0.76	0.51
26.887204	-0.74	0.50
26.897156	-0.75	0.50
26.907141	-0.75	0.51
26.917137	-0.74	0.52
26.927073	-0.74	0.52
26.936999	-0.74	0.52
26.946938	-0.74	0.52
26.956845	-0.74	0.51
26.966780	-0.74	0.52
26.976725	-0.76	0.52
26.986653	-0.77	0.52
26.996647	-0.77	0.52
27.006607	-0.76	0.52
27.016590	-0.75	0.52
27.026336	-0.75	0.54
27.036446	-0.75	0.55
27.059076	-0.77	0.54
27.070537	-0.76	0.54
27.081664	-0.76	0.53
27.093422	-0.76	0.54
27.104637	-0.75	0.50
27.115337	-0.75	0.50
27.134461	-0.75	0.50
27.146555	-0.75	0.50
27.156339	-0.74	0.52
27.166458	-0.73	0.52
27.176201	-0.73	0.51
27.186160	-0.72	0.50
27.192828	-0.72	0.50
27.199115	-0.71	0.48
27.205380	-0.71	0.49
27.211534	-0.72	0.48
27.217680	-0.73	0.48
27.223960	-0.72	0.48
27.230249	-0.73	0.49
27.236509	-0.73	0.48
27.242779	-0.73	0.48
27.249080	-0.72	0.47
27.255335	-0.72	0.47
27.261624	-0.72	0.47
27.267866	-0.72	0.47
27.273975	-0.72	0.47
27.280098	-0.72	0.47
27.286200	-0.72	0.47
27.292323	-0.72	0.47
27.298515	-0.72	0.47
27.304779	-0.73	0.47
27.311051	-0.73	0.48
27.317321	-0.73	0.48
27.323571	-0.73	0.47
27.329850	-0.73	0.48
27.336099	-0.73	0.48
27.342358	-0.72	0.48
27.348588	-0.72	0.48
27.354690	-0.71	0.48
27.360899	-0.73	0.48
27.367158	-0.73	0.48
27.373386	-0.74	0.48
27.379635	-0.74	0.48
27.385852	-0.73	0.49
27.392090	-0.74	0.49
27.398332	-0.73	0.49
27.404791	-0.73	0.49
27.411042	-0.74	0.49
27.417325	-0.74	0.49
27.423544	-0.74	0.49
27.429801	-0.74	0.49
27.436024	-0.73	0.49
27.442269	-0.73	0.49
27.448515	-0.74	0.49
27.454735	-0.72	0.49
27.460967	-0.72	0.49
27.467215	-0.72	0.48
27.473445	-0.71	0.48
27.479657	-0.71	0.49
27.485898	-0.71	0.48
27.492043	-0.71	0.48
27.498281	-0.70	0.48
27.504538	-0.71	0.48
27.510805	-0.71	0.49
27.517070	-0.70	0.49
27.523173	-0.71	0.49
27.529371	-0.71	0.49
27.535631	-0.70	0.50
27.541896	-0.71	0.50
27.548202	-0.70	0.50
27.554448	-0.69	0.51
27.560718	-0.70	0.51
27.566989	-0.70	0.51
27.573246	-0.69	0.52
27.579516	-0.69	0.52
27.585756	-0.69	0.51
27.592028	-0.70	0.51
27.598293	-0.70	0.51
27.604535	-0.70	0.51
27.610803	-0.70	0.51
27.617074	-0.69	0.51
27.623317	-0.68	0.51
27.629586	-0.67	0.51
27.635852	-0.67	0.51
27.642114	-0.67	0.51
27.648363	-0.66	0.51
27.654606	-0.66	0.51
27.660873	-0.66	0.52
27.667145	-0.67	0.50
27.673382	-0.67	0.51
27.679852	-0.67	0.50
27.686117	-0.66	0.51
27.692261	-0.66	0.52
27.698390	-0.67	0.52
27.704519	-0.66	0.51
27.710759	-0.66	0.52
27.717044	-0.67	0.52
27.723313	-0.67	0.52
27.729583	-0.67	0.52
27.735829	-0.67	0.52
27.742115	-0.70	0.51
27.748364	-0.69	0.51
27.754618	-0.69	0.51
27.760892	-0.70	0.51
27.767163	-0.69	0.51
27.773266	-0.70	0.52
27.779473	-0.69	0.52
27.785736	-0.70	0.51
27.792008	-0.70	0.51
27.798270	-0.69	0.51
27.804516	-0.69	0.51
27.810781	-0.69	0.50
27.817046	-0.69	0.51
27.823318	-0.67	0.52
27.829583	-0.67	0.51
27.835855	-0.67	0.52
27.842136	-0.67	0.51
27.848403	-0.67	0.50
27.854648	-0.69	0.49
27.860904	-0.68	0.49
27.867193	-0.68	0.48
27.873451	-0.68	0.48
27.879718	-0.68	0.49
27.885980	-0.69	0.48
27.892211	-0.69	0.48
27.899373	-0.69	0.48
27.909312	-0.69	0.48
27.919120	-0.69	0.49
27.929077	-0.69	0.48
27.939023	-0.68	0.48
27.948963	-0.68	0.48
27.958901	-0.68	0.48
27.968859	-0.69	0.48
27.978807	-0.69	0.48
27.988758	-0.72	0.48
27.998938	-0.72	0.48
28.008923	-0.71	0.48
28.018852	-0.70	0.47
28.028650	-0.70	0.47
28.038616	-0.70	0.47
28.048617	-0.70	0.48
28.058583	-0.70	0.46
28.068560	-0.69	0.46
28.078571	-0.72	0.47
28.088534	-0.74	0.47
28.098326	-0.72	0.46
28.108293	-0.74	0.47
28.118240	-0.73	0.46
28.128049	-0.73	0.46
28.138039	-0.75	0.47
28.148003	-0.75	0.47
28.158001	-0.75	0.47
28.167974	-0.75	0.48
28.177952	-0.75	0.49
28.187938	-0.75	0.49
28.197948	-0.76	0.48
28.207914	-0.74	0.48
28.217881	-0.74	0.48
28.227844	-0.76	0.49
28.237850	-0.75	0.49
28.247869	-0.78	0.50
28.257840	-0.77	0.49
28.267824	-0.79	0.50
28.277603	-0.79	0.50
28.287566	-0.79	0.49
28.297467	-0.78	0.50
28.307459	-0.79	0.51
28.317450	-0.79	0.51
28.327400	-0.79	0.51
28.337273	-0.82	0.50
28.347228	-0.82	0.50
28.357171	-0.82	0.50
28.367140	-0.79	0.51
28.377075	-0.79	0.49
28.387012	-0.79	0.50
28.396879	-0.79	0.50
28.406841	-0.78	0.51
28.416784	-0.78	0.50
28.426720	-0.79	0.49
28.436689	-0.78	0.49
28.446919	-0.76	0.49
28.456878	-0.76	0.48
28.466825	-0.77	0.49
28.476762	-0.76	0.49
28.486708	-0.78	0.47
28.496623	-0.78	0.47
28.506604	-0.81	0.47
28.516569	-0.81	0.47
28.526312	-0.83	0.47
28.536329	-0.81	0.48
28.546161	-0.81	0.48
28.556106	-0.83	0.49
28.566056	-0.83	0.49
28.575996	-0.83	0.49
28.585949	-0.83	0.49
28.595850	-0.83	0.49
28.605791	-0.82	0.49
28.615738	-0.81	0.49
28.625687	-0.81	0.50
28.635645	-0.81	0.48
28.645586	-0.81	0.48
28.655541	-0.81	0.47
28.666558	-0.84	0.47
28.676669	-0.84	0.47
28.686665	-0.83	0.47
28.696593	-0.83	0.46
28.706556	-0.83	0.46
28.716513	-0.82	0.46
28.726479	-0.82	0.47
28.736230	-0.85	0.47
28.746199	-0.83	0.47
28.755989	-0.82	0.47
28.765940	-0.82	0.48
28.775717	-0.82	0.48
28.785668	-0.84	0.47
28.795612	-0.85	0.48
28.805685	-0.84	0.48
28.815669	-0.86	0.48
28.825625	-0.84	0.49
28.835596	-0.83	0.49
28.845619	-0.83	0.50
28.855603	-0.82	0.51
28.865620	-0.81	0.51
28.875580	-0.82	0.52
28.885585	-0.81	0.52
28.895827	-0.81	0.53
28.905783	-0.80	0.53
28.915752	-0.80	0.54
28.925715	-0.80	0.53
28.935696	-0.78	0.52
28.945663	-0.79	0.51
28.955619	-0.78	0.52
28.965451	-0.78	0.52
28.975360	-0.76	0.51
28.985369	-0.75	0.52
28.995347	-0.74	0.51
29.005305	-0.77	0.52
29.015282	-0.77	0.51
29.025074	-0.76	0.51
29.035014	-0.77	0.52
29.045003	-0.79	0.51
29.054983	-0.78	0.51
29.064978	-0.78	0.55
29.074954	-0.78	0.55
29.084923	-0.78	0.55
29.094886	-0.77	0.54
29.104829	-0.77	0.55
29.116818	-0.80	0.55
29.126632	-0.80	0.55
29.136627	-0.80	0.55
29.146381	-0.79	0.54
29.156628	-0.78	0.53
29.166593	-0.77	0.52
29.176340	-0.77	0.52
29.186480	-0.77	0.51
29.196530	-0.77	0.50
29.206501	-0.77	0.51
29.216472	-0.77	0.51
29.226692	-0.77	0.51
29.236683	-0.76	0.51
29.246665	-0.76	0.52
29.256632	-0.76	0.51
29.266616	-0.75	0.52
29.276361	-0.75	0.52
29.286453	-0.75	0.53
29.296520	-0.75	0.52
29.306487	-0.75	0.52
29.316447	-0.78	0.52
29.326455	-0.76	0.52
29.336456	-0.76	0.52
29.346727	-0.79	0.52
29.356742	-0.80	0.51
29.366706	-0.79	0.50
29.376682	-0.79	0.50
29.386565	-0.79	0.50
29.396537	-0.78	0.50
29.406505	-0.79	0.50
29.416450	-0.79	0.50
29.426382	-0.79	0.49
29.436353	-0.82	0.49
29.446339	-0.81	0.50
29.456336	-0.81	0.50
29.466334	-0.79	0.50
29.476328	-0.77	0.50
29.486311	-0.78	0.50
29.496346	-0.78	0.50
29.506458	-0.79	0.53
29.516436	-0.77	0.53
29.526186	-0.77	0.53
29.536132	-0.77	0.53
29.546119	-0.77	0.53
29.556082	-0.80	0.53
29.566042	-0.83	0.55
29.575998	-0.81	0.54
29.585963	-0.83	0.54
29.595722	-0.85	0.53
29.605739	-0.88	0.53
29.615729	-0.87	0.53
29.625684	-0.86	0.53
29.635645	-0.86	0.53
29.645627	-0.87	0.53
29.655596	-0.86	0.53
29.665617	-0.85	0.52
29.675615	-0.84	0.52
29.685608	-0.84	0.53
29.695610	-0.84	0.52
29.705690	-0.84	0.52
29.715665	-0.83	0.52
29.725639	-0.82	0.52
29.735600	-0.82	0.51
29.745615	-0.81	0.50
29.755620	-0.80	0.50
29.765597	-0.79	0.51
29.775409	-0.79	0.50
29.785367	-0.79	0.52
29.795612	-0.78	0.52
29.805500	-0.78	0.52
29.815439	-0.77	0.52
29.825388	-0.76	0.52
29.835317	-0.76	0.52
29.845275	-0.78	0.51
29.855206	-0.78	0.51
29.865140	-0.78	0.50
29.875071	-0.78	0.52
29.884988	-0.78	0.52
29.894945	-0.78	0.52
29.904975	-0.81	0.53
29.914908	-0.82	0.53
29.924895	-0.81	0.53
29.934870	-0.81	0.53
29.944805	-0.82	0.53
29.954756	-0.82	0.52
29.964695	-0.82	0.52
29.974629	-0.82	0.52
29.984554	-0.82	0.53
29.994519	-0.81	0.52
30.004485	-0.84	0.53
30.014298	-0.84	0.52
30.024142	-0.84	0.52
30.034051	-0.85	0.53
30.043986	-0.84	0.53
30.053961	-0.84	0.52
30.063890	-0.84	0.55
30.073862	-0.84	0.55
30.083784	-0.84	0.55
30.093734	-0.84	0.55
30.103536	-0.84	0.54
30.113419	-0.84	0.54
30.123374	-0.84	0.53
30.133271	-0.84	0.53
30.153860	-0.84	0.53
30.165135	-0.83	0.53
30.176307	-0.82	0.51
30.187707	-0.81	0.52
30.199174	-0.80	0.52
30.210993	-0.79	0.51
30.223479	-0.81	0.51
30.233259	-0.81	0.51
30.239815	-0.81	0.51
30.245953	-0.81	0.51
30.252445	-0.81	0.51
30.258672	-0.81	0.51
30.265301	-0.79	0.50
30.272220	-0.79	0.50
30.278371	-0.79	0.50
30.284478	-0.78	0.50
30.290723	-0.81	0.50
30.296993	-0.81	0.50
30.303104	-0.80	0.49
30.309436	-0.80	0.49
30.315719	-0.79	0.50
30.321987	-0.79	0.51
30.328259	-0.78	0.51
30.334544	-0.78	0.50
30.340813	-0.77	0.49
30.347110	-0.77	0.49
30.353357	-0.76	0.50
30.359614	-0.77	0.50
30.365880	-0.76	0.50
30.372166	-0.76	0.50
30.378435	-0.75	0.49
30.384694	-0.75	0.49
30.390962	-0.75	0.48
30.397219	-0.75	0.48
30.403479	-0.75	0.47
30.409743	-0.75	0.47
30.416014	-0.75	0.47
30.422261	-0.75	0.47
30.428487	-0.75	0.47
30.434604	-0.75	0.47
30.440936	-0.74	0.46
30.447218	-0.75	0.47
30.453469	-0.75	0.47
30.459742	-0.75	0.46
30.465987	-0.76	0.45
30.472220	-0.76	0.45
30.478463	-0.76	0.45
30.484694	-0.77	0.45
30.490968	-0.76	0.46
30.497244	-0.74	0.45
30.503499	-0.75	0.45
30.509766	-0.76	0.45
30.516034	-0.74	0.45
30.522170	-0.73	0.45
30.528345	-0.73	0.44
30.534824	-0.73	0.44
30.541106	-0.74	0.44
30.547395	-0.76	0.45
30.553657	-0.75	0.45
30.559925	-0.75	0.45
30.566190	-0.73	0.46
30.572456	-0.73	0.46
30.578724	-0.74	0.47
30.584981	-0.74	0.47
30.591254	-0.74	0.47
30.597531	-0.74	0.47
30.603787	-0.74	0.47
30.610056	-0.74	0.47
30.616324	-0.74	0.47
30.622613	-0.76	0.47
30.628877	-0.76	0.47
30.635125	-0.76	0.47
30.641284	-0.76	0.47
30.647454	-0.76	0.47
30.653744	-0.77	0.47
30.660010	-0.77	0.48
30.666259	-0.75	0.48
30.672522	-0.74	0.48
30.678791	-0.74	0.48
30.685048	-0.72	0.49
30.691307	-0.72	0.49
30.697604	-0.73	0.50
30.703846	-0.75	0.51
30.710123	-0.71	0.49
30.716389	-0.69	0.52
30.722701	-0.69	0.63
30.728968	-0.66	0.66
30.735223	-0.63	0.66
30.741502	-0.66	0.67
30.747771	-0.67	0.69
30.754036	-0.66	0.69
30.760303	-0.65	0.65
30.766577	-0.65	0.63
30.772691	-0.62	0.59
30.778878	-0.61	0.58
30.785134	-0.62	0.58
30.791411	-0.64	0.59
30.797685	-0.67	0.59
30.803947	-0.67	0.58
30.810133	-0.68	0.56
30.821928	-0.69	0.54
30.828216	-0.69	0.52
30.834453	-0.67	0.52
30.840723	-0.68	0.52
30.846978	-0.68	0.53
30.853095	-0.69	0.53
30.859299	-0.69	0.53
30.865568	-0.70	0.54
30.871831	-0.70	0.54
30.878084	-0.70	0.54
30.884319	-0.70	0.53
30.890577	-0.70	0.52
30.896837	-0.69	0.50
30.903063	-0.69	0.50
30.910702	-0.69	0.50
30.920690	-0.70	0.51
30.930662	-0.71	0.52
30.940591	-0.69	0.52
30.950555	-0.68	0.52
30.960511	-0.67	0.51
30.970448	-0.67	0.52
30.980380	-0.67	0.52
30.990336	-0.68	0.53
31.000306	-0.69	0.54
31.010190	-0.69	0.56
31.020101	-0.68	0.54
31.029982	-0.68	0.52
31.039963	-0.68	0.53
31.049842	-0.68	0.53
31.059613	-0.67	0.53
31.069431	-0.69	0.52
31.079404	-0.69	0.50
31.089375	-0.68	0.49
31.099315	-0.68	0.50
31.109158	-0.69	0.50
31.119159	-0.68	0.50
31.129116	-0.68	0.50
31.139096	-0.67	0.48
31.149070	-0.66	0.47
31.159024	-0.66	0.49
31.168990	-0.66	0.50
31.178958	-0.65	0.51
31.188937	-0.65	0.52
31.198900	-0.66	0.52
31.208790	-0.66	0.51
31.219087	-0.65	0.51
31.229071	-0.64	0.52
31.239045	-0.65	0.53
31.249012	-0.65	0.54
31.258988	-0.66	0.57
31.268919	-0.66	0.57
31.278751	-0.67	0.56
31.288738	-0.67	0.56
31.298716	-0.67	0.55
31.308654	-0.69	0.54
31.318639	-0.70	0.53
31.328613	-0.70	0.53
31.338582	-0.72	0.53
31.348560	-0.72	0.53
31.358570	-0.71	0.53
31.368588	-0.75	0.53
31.378580	-0.75	0.53
31.388583	-0.75	0.52
31.398566	-0.76	0.55
31.408474	-0.76	0.55
31.418464	-0.76	0.53
31.428428	-0.75	0.54
31.438390	-0.75	0.55
31.448332	-0.76	0.54
31.458144	-0.75	0.54
31.468091	-0.75	0.55
31.478012	-0.75	0.55
31.487810	-0.75	0.55
31.497812	-0.74	0.54
31.507720	-0.77	0.54
31.517684	-0.77	0.55
31.527482	-0.77	0.55
31.537441	-0.77	0.56
31.547433	-0.78	0.57
31.557400	-0.77	0.57
31.567393	-0.76	0.59
31.577365	-0.77	0.58
31.587325	-0.77	0.57
31.597298	-0.77	0.59
31.607247	-0.76	0.58
31.617238	-0.79	0.57
31.627215	-0.79	0.56
31.637179	-0.78	0.57
31.647156	-0.78	0.57
31.657400	-0.76	0.56
31.667380	-0.76	0.56
31.677356	-0.75	0.54
31.687322	-0.75	0.54
31.697085	-0.72	0.54
31.707021	-0.72	0.54
31.717004	-0.72	0.54
31.726979	-0.72	0.55
31.736934	-0.73	0.55
31.746905	-0.73	0.55
31.756880	-0.72	0.55
31.766857	-0.73	0.55
31.776613	-0.73	0.55
31.786588	-0.71	0.55
31.796562	-0.73	0.52
31.806535	-0.74	0.52
31.816513	-0.74	0.52
31.826478	-0.73	0.52
31.836459	-0.74	0.52
31.846445	-0.74	0.53
31.856192	-0.75	0.51
31.866158	-0.76	0.52
31.876117	-0.77	0.53
31.886086	-0.77	0.53
31.896051	-0.76	0.53
31.905815	-0.75	0.55
31.915740	-0.75	0.53
31.925684	-0.76	0.53
31.935621	-0.76	0.53
31.945582	-0.77	0.52
31.955542	-0.74	0.55
31.965509	-0.73	0.54
31.975457	-0.72	0.54
31.985399	-0.72	0.57
31.995384	-0.72	0.58
32.005350	-0.71	0.59
32.015301	-0.71	0.60
32.025101	-0.71	0.59
32.035035	-0.72	0.58
32.045019	-0.71	0.56
32.054998	-0.70	0.55
32.064990	-0.69	0.53
32.074960	-0.70	0.54
32.084930	-0.70	0.55
32.094946	-0.73	0.55
32.105216	-0.73	0.54
32.115000	-0.71	0.52
32.125033	-0.71	0.51
32.135019	-0.71	0.53
32.144991	-0.73	0.55
32.154989	-0.74	0.56
32.164989	-0.75	0.58
32.174960	-0.74	0.57
32.184933	-0.73	0.56
32.194900	-0.73	0.55
32.204919	-0.74	0.55
32.214999	-0.75	0.56
32.224980	-0.74	0.56
32.234943	-0.74	0.54
32.244902	-0.74	0.54
32.254922	-0.72	0.53
32.264892	-0.72	0.53
32.274725	-0.73	0.52
32.284663	-0.77	0.54
32.294635	-0.77	0.55
32.304628	-0.76	0.54
32.314619	-0.76	0.54
32.324437	-0.75	0.54
32.334360	-0.76	0.58
32.344340	-0.75	0.60
32.354303	-0.78	0.60
32.364255	-0.77	0.60
32.374192	-0.76	0.56
32.384170	-0.76	0.55
32.394141	-0.76	0.55
32.404087	-0.80	0.55
32.414037	-0.84	0.56
32.423980	-0.82	0.54
32.433915	-0.80	0.55
32.443853	-0.79	0.56
32.453807	-0.78	0.56
32.463756	-0.78	0.58
32.473695	-0.77	0.58
32.483606	-0.77	0.58
32.493968	-0.76	0.57
32.503852	-0.79	0.56
32.513608	-0.79	0.57
32.523439	-0.80	0.56
32.533219	-0.79	0.56
32.543132	-0.78	0.55
32.553415	-0.78	0.55
32.563392	-0.78	0.55
32.573369	-0.78	0.55
32.583337	-0.79	0.55
32.593296	-0.76	0.56
32.603260	-0.76	0.55
32.613089	-0.78	0.55
32.622989	-0.76	0.55
32.632963	-0.75	0.57
32.642922	-0.78	0.57
32.652919	-0.77	0.56
32.662894	-0.76	0.56
32.672867	-0.79	0.56
32.682825	-0.79	0.58
32.692789	-0.79	0.56
32.702814	-0.77	0.54
32.712678	-0.77	0.52
32.722562	-0.78	0.52
32.732542	-0.76	0.53
32.742390	-0.77	0.53
32.752286	-0.77	0.54
32.762274	-0.74	0.54
32.772130	-0.71	0.53
32.782003	-0.71	0.52
32.791981	-0.71	0.53
32.801950	-0.71	0.54
32.811829	-0.72	0.53
32.821704	-0.72	0.54
32.831694	-0.72	0.54
32.841653	-0.75	0.53
32.851620	-0.74	0.53
32.861595	-0.74	0.54
32.871571	-0.73	0.54
32.881551	-0.73	0.55
32.891417	-0.73	0.54
32.901276	-0.76	0.54
32.911193	-0.75	0.53
32.921048	-0.75	0.53
32.931024	-0.78	0.53
32.940982	-0.77	0.54
32.950878	-0.80	0.55
32.960817	-0.78	0.55
32.970764	-0.76	0.55
32.980684	-0.76	0.56
32.990926	-0.76	0.56
33.000914	-0.76	0.56
33.010817	-0.77	0.56
33.020726	-0.78	0.59
33.030587	-0.78	0.59
33.040561	-0.78	0.59
33.050532	-0.79	0.60
33.060501	-0.78	0.61
33.070462	-0.78	0.62
33.080435	-0.77	0.63
33.090398	-0.77	0.63
33.100377	-0.79	0.62
33.110294	-0.79	0.62
33.120141	-0.82	0.62
33.130108	-0.79	0.62
33.140087	-0.79	0.63
33.150072	-0.79	0.63
33.159978	-0.82	0.63
33.169809	-0.81	0.64
33.179795	-0.81	0.62
33.189743	-0.81	0.62
33.199710	-0.82	0.64
33.209632	-0.81	0.63
33.219451	-0.80	0.63
33.229408	-0.79	0.62
33.247552	-0.80	0.62
33.258794	-0.80	0.62
33.270075	-0.78	0.64
33.281370	-0.80	0.65
33.292709	-0.81	0.66
33.303852	-0.81	0.66
33.319695	-0.80	0.65
33.32978