
0.009898	-0.66	0.38
0.019849	-0.69	0.38
0.029643	-0.72	0.38
0.039655	-0.75	0.37
0.049639	-0.78	0.36
0.059422	-0.81	0.36
0.069198	-0.84	0.36
0.079150	-0.87	0.37
0.089042	-0.90	0.41
0.098999	-0.89	0.51
0.108974	-0.91	0.43
0.118938	-0.92	0.40
0.128912	-0.91	0.41
0.138885	-0.95	0.43
0.148691	-0.98	0.42
0.158608	-1.02	0.46
0.168573	-1.07	0.48
0.178557	-1.10	0.48
0.188446	-1.10	0.47
0.198359	-1.12	0.48
0.208182	-1.14	0.48
0.217932	-1.16	0.48
0.227833	-1.18	0.47
0.237813	-1.21	0.46
0.247788	-1.23	0.45
0.257774	-1.25	0.43
0.267730	-1.27	0.40
0.277605	-1.29	0.39
0.287444	-1.31	0.41
0.297286	-1.34	0.43
0.307191	-1.36	0.44
0.317170	-1.38	0.44
0.327143	-1.39	0.44
0.337117	-1.41	0.43
0.347088	-1.42	0.43
0.357064	-1.45	0.44
0.367026	-1.47	0.45
0.376991	-1.49	0.45
0.386908	-1.50	0.45
0.396669	-1.51	0.45
0.406551	-1.53	0.45
0.416511	-1.54	0.46
0.426473	-1.56	0.46
0.436432	-1.57	0.46
0.446732	-1.58	0.46
0.456724	-1.60	0.46
0.466679	-1.61	0.44
0.476636	-1.62	0.44
0.486489	-1.63	0.44
0.496357	-1.64	0.45
0.506344	-1.65	0.45
0.516300	-1.66	0.45
0.526268	-1.67	0.45
0.536233	-1.68	0.45
0.546178	-1.69	0.46
0.556147	-1.69	0.46
0.566107	-1.70	0.46
0.576076	-1.70	0.45
0.586050	-1.71	0.45
0.596003	-1.71	0.45
0.605983	-1.71	0.45
0.615938	-1.72	0.46
0.625904	-1.72	0.46
0.635834	-1.73	0.46
0.645718	-1.73	0.46
0.655569	-1.73	0.45
0.665500	-1.73	0.46
0.675409	-1.73	0.45
0.685396	-1.72	0.45
0.695225	-1.71	0.45
0.705103	-1.71	0.45
0.715087	-1.70	0.46
0.725063	-1.70	0.46
0.735028	-1.70	0.47
0.744992	-1.69	0.46
0.754963	-1.70	0.46
0.764921	-1.70	0.45
0.774899	-1.69	0.45
0.784872	-1.70	0.45
0.794726	-1.69	0.46
0.804709	-1.68	0.46
0.814678	-1.67	0.46
0.824646	-1.67	0.46
0.834628	-1.67	0.46
0.844598	-1.67	0.43
0.854565	-1.66	0.45
0.864533	-1.66	0.45
0.874507	-1.65	0.45
0.884516	-1.64	0.45
0.894608	-1.62	0.45
0.904378	-1.60	0.45
0.914230	-1.59	0.44
0.924212	-1.58	0.44
0.934170	-1.57	0.44
0.944132	-1.56	0.45
0.954117	-1.56	0.43
0.964094	-1.56	0.44
0.974063	-1.55	0.44
0.984035	-1.54	0.44
0.993940	-1.53	0.44
1.003924	-1.52	0.43
1.013896	-1.52	0.43
1.023881	-1.50	0.43
1.033848	-1.49	0.43
1.043815	-1.48	0.43
1.053835	-1.46	0.42
1.063790	-1.45	0.42
1.073811	-1.44	0.41
1.083818	-1.44	0.42
1.093666	-1.43	0.42
1.103508	-1.44	0.43
1.113440	-1.43	0.39
1.123263	-1.41	0.39
1.133248	-1.40	0.38
1.143173	-1.40	0.38
1.152966	-1.39	0.39
1.162931	-1.37	0.38
1.172912	-1.36	0.38
1.182869	-1.35	0.40
1.192776	-1.34	0.40
1.202780	-1.33	0.39
1.212733	-1.32	0.38
1.222731	-1.31	0.38
1.232700	-1.31	0.38
1.242668	-1.33	0.37
1.252641	-1.32	0.39
1.262602	-1.31	0.36
1.272580	-1.30	0.36
1.282538	-1.28	0.38
1.292489	-1.26	0.38
1.302486	-1.25	0.37
1.312438	-1.25	0.37
1.322384	-1.24	0.36
1.332170	-1.23	0.35
1.342177	-1.22	0.35
1.352426	-1.21	0.35
1.362398	-1.20	0.35
1.372420	-1.20	0.35
1.382425	-1.20	0.35
1.392451	-1.19	0.35
1.402252	-1.18	0.35
1.412184	-1.17	0.34
1.422122	-1.16	0.34
1.432057	-1.18	0.33
1.441998	-1.17	0.33
1.451954	-1.16	0.33
1.461886	-1.18	0.33
1.471819	-1.17	0.33
1.481745	-1.16	0.32
1.491772	-1.15	0.32
1.501770	-1.13	0.33
1.511748	-1.12	0.33
1.521722	-1.11	0.33
1.531668	-1.10	0.33
1.541456	-1.09	0.33
1.551438	-1.08	0.33
1.561402	-1.06	0.33
1.571365	-1.04	0.31
1.581324	-1.02	0.31
1.591254	-1.01	0.31
1.601236	-1.01	0.31
1.611215	-0.99	0.30
1.621187	-0.99	0.31
1.631145	-0.98	0.31
1.641123	-0.98	0.32
1.650875	-0.98	0.31
1.660915	-0.97	0.31
1.670916	-0.96	0.31
1.680911	-0.96	0.30
1.690898	-0.95	0.30
1.701037	-0.96	0.32
1.711012	-0.95	0.32
1.721012	-0.93	0.32
1.731001	-0.93	0.31
1.740761	-0.92	0.31
1.750515	-0.92	0.30
1.760488	-0.91	0.30
1.770475	-0.91	0.30
1.780432	-0.91	0.27
1.790383	-0.90	0.26
1.800623	-0.89	0.26
1.810607	-0.88	0.26
1.820572	-0.86	0.26
1.830551	-0.86	0.27
1.840525	-0.85	0.28
1.850477	-0.86	0.29
1.860449	-0.85	0.28
1.870410	-0.83	0.29
1.880386	-0.82	0.29
1.890335	-0.82	0.29
1.900100	-0.82	0.29
1.910052	-0.81	0.30
1.920029	-0.81	0.30
1.929995	-0.83	0.27
1.939953	-0.82	0.27
1.949928	-0.81	0.28
1.959713	-0.81	0.28
1.969659	-0.80	0.27
1.979644	-0.80	0.28
1.989610	-0.80	0.29
1.999578	-0.79	0.29
2.009558	-0.78	0.31
2.019521	-0.81	0.30
2.029490	-0.81	0.31
2.039468	-0.80	0.30
2.049437	-0.80	0.30
2.059453	-0.79	0.30
2.069467	-0.78	0.31
2.079435	-0.77	0.31
2.089444	-0.75	0.31
2.099543	-0.75	0.30
2.109528	-0.75	0.29
2.119496	-0.74	0.29
2.129469	-0.74	0.29
2.139250	-0.75	0.29
2.149034	-0.75	0.29
2.158972	-0.74	0.28
2.168786	-0.74	0.30
2.178836	-0.73	0.29
2.188826	-0.72	0.30
2.198836	-0.71	0.27
2.208816	-0.70	0.28
2.218788	-0.70	0.28
2.228743	-0.70	0.29
2.238747	-0.70	0.29
2.248984	-0.71	0.30
2.258956	-0.70	0.30
2.268929	-0.69	0.30
2.278883	-0.69	0.30
2.288845	-0.68	0.30
2.298849	-0.66	0.29
2.308844	-0.65	0.28
2.318812	-0.64	0.28
2.328772	-0.64	0.28
2.338743	-0.62	0.27
2.348758	-0.61	0.27
2.358726	-0.61	0.27
2.368732	-0.60	0.29
2.378582	-0.59	0.28
2.388503	-0.59	0.25
2.398341	-0.59	0.25
2.408259	-0.58	0.26
2.418248	-0.58	0.26
2.428214	-0.57	0.28
2.438194	-0.58	0.28
2.448166	-0.57	0.28
2.458135	-0.56	0.27
2.468107	-0.54	0.27
2.478064	-0.54	0.29
2.488046	-0.55	0.29
2.497867	-0.54	0.26
2.507786	-0.55	0.28
2.517752	-0.55	0.30
2.527730	-0.54	0.29
2.537690	-0.54	0.31
2.547647	-0.55	0.31
2.557619	-0.56	0.31
2.567579	-0.56	0.31
2.577550	-0.56	0.32
2.587385	-0.55	0.32
2.597242	-0.55	0.32
2.607150	-0.56	0.33
2.617129	-0.55	0.31
2.627094	-0.55	0.30
2.637055	-0.55	0.31
2.646916	-0.55	0.33
2.656803	-0.55	0.32
2.666776	-0.55	0.32
2.676729	-0.55	0.33
2.686695	-0.56	0.32
2.696806	-0.55	0.32
2.706740	-0.54	0.33
2.716706	-0.55	0.32
2.726657	-0.55	0.32
2.736648	-0.54	0.33
2.746615	-0.51	0.33
2.756572	-0.51	0.31
2.766529	-0.51	0.31
2.776493	-0.51	0.32
2.786446	-0.51	0.31
2.796313	-0.51	0.32
2.806195	-0.52	0.32
2.816167	-0.52	0.33
2.826158	-0.53	0.33
2.836124	-0.55	0.33
2.846079	-0.57	0.33
2.856058	-0.56	0.32
2.866011	-0.56	0.32
2.875989	-0.55	0.32
2.885951	-0.57	0.33
2.895805	-0.57	0.33
2.905665	-0.56	0.32
2.915646	-0.55	0.33
2.925622	-0.55	0.33
2.935586	-0.55	0.34
2.945544	-0.55	0.34
2.955509	-0.56	0.33
2.965485	-0.56	0.33
2.975448	-0.56	0.32
2.985426	-0.56	0.31
2.995318	-0.56	0.32
3.005074	-0.56	0.31
3.014929	-0.55	0.30
3.024916	-0.54	0.29
3.034878	-0.54	0.29
3.044842	-0.53	0.29
3.054806	-0.53	0.30
3.064759	-0.54	0.30
3.074738	-0.54	0.29
3.084705	-0.54	0.30
3.094624	-0.54	0.29
3.104458	-0.54	0.28
3.114451	-0.54	0.29
3.124425	-0.54	0.31
3.134392	-0.53	0.28
3.144548	-0.53	0.28
3.154388	-0.53	0.28
3.164349	-0.53	0.29
3.174270	-0.56	0.29
3.184117	-0.57	0.29
3.194056	-0.57	0.29
3.203919	-0.57	0.29
3.213841	-0.57	0.31
3.223664	-0.58	0.30
3.233648	-0.59	0.30
3.243613	-0.57	0.29
3.253580	-0.58	0.29
3.263554	-0.58	0.30
3.273528	-0.58	0.31
3.283495	-0.58	0.31
3.293424	-0.58	0.30
3.303243	-0.58	0.31
3.313220	-0.58	0.31
3.323199	-0.57	0.31
3.333158	-0.57	0.31
3.343130	-0.57	0.30
3.353101	-0.57	0.31
3.363130	-0.57	0.33
3.373130	-0.58	0.32
3.383135	-0.58	0.33
3.393063	-0.58	0.34
3.402850	-0.58	0.34
3.412828	-0.58	0.34
3.422774	-0.58	0.34
3.432581	-0.58	0.35
3.442554	-0.58	0.35
3.452518	-0.58	0.34
3.462475	-0.58	0.34
3.472437	-0.57	0.34
3.482402	-0.57	0.34
3.492429	-0.57	0.35
3.502205	-0.61	0.37
3.512180	-0.59	0.37
3.522167	-0.60	0.38
3.532139	-0.58	0.38
3.542109	-0.58	0.38
3.552072	-0.57	0.38
3.562030	-0.58	0.37
3.572011	-0.58	0.36
3.581975	-0.58	0.36
3.591951	-0.58	0.36
3.602031	-0.58	0.35
3.612020	-0.58	0.36
3.622002	-0.58	0.36
3.631961	-0.59	0.35
3.641816	-0.60	0.35
3.651584	-0.60	0.34
3.661546	-0.60	0.34
3.671528	-0.60	0.34
3.681491	-0.61	0.32
3.691459	-0.61	0.31
3.701252	-0.60	0.32
3.711239	-0.60	0.32
3.721213	-0.61	0.32
3.731188	-0.60	0.33
3.741151	-0.60	0.33
3.751122	-0.61	0.33
3.761087	-0.61	0.30
3.771062	-0.62	0.30
3.781011	-0.63	0.29
3.790990	-0.62	0.29
3.800765	-0.61	0.29
3.810721	-0.60	0.30
3.820499	-0.60	0.30
3.830460	-0.60	0.30
3.840447	-0.60	0.29
3.850229	-0.59	0.29
3.860279	-0.60	0.30
3.870252	-0.60	0.29
3.880212	-0.61	0.28
3.890181	-0.60	0.28
3.899959	-0.60	0.27
3.909920	-0.59	0.28
3.919898	-0.59	0.25
3.929885	-0.59	0.25
3.939850	-0.59	0.25
3.949828	-0.59	0.25
3.959799	-0.59	0.25
3.969774	-0.59	0.25
3.979738	-0.59	0.24
3.989718	-0.58	0.25
3.999577	-0.58	0.25
4.009550	-0.59	0.25
4.019511	-0.59	0.25
4.029485	-0.59	0.22
4.039442	-0.58	0.22
4.049682	-0.59	0.23
4.059488	-0.59	0.22
4.069579	-0.60	0.24
4.079547	-0.60	0.26
4.089525	-0.59	0.26
4.099386	-0.60	0.26
4.109328	-0.60	0.27
4.119293	-0.58	0.25
4.129256	-0.58	0.25
4.139219	-0.59	0.25
4.149038	-0.59	0.24
4.158975	-0.58	0.25
4.168939	-0.58	0.22
4.178905	-0.59	0.21
4.188866	-0.59	0.22
4.198748	-0.58	0.22
4.208686	-0.57	0.23
4.218507	-0.58	0.24
4.228437	-0.57	0.24
4.238410	-0.57	0.25
4.248384	-0.58	0.25
4.258353	-0.57	0.25
4.268166	-0.57	0.26
4.278155	-0.58	0.26
4.288142	-0.57	0.26
4.298030	-0.57	0.27
4.307939	-0.57	0.27
4.317912	-0.56	0.27
4.327875	-0.57	0.29
4.337846	-0.57	0.26
4.347811	-0.57	0.28
4.357784	-0.58	0.29
4.367734	-0.58	0.28
4.377691	-0.58	0.29
4.387666	-0.58	0.28
4.397499	-0.58	0.28
4.407457	-0.58	0.29
4.417427	-0.58	0.29
4.427392	-0.58	0.28
4.437355	-0.58	0.28
4.447362	-0.58	0.29
4.457339	-0.58	0.28
4.467342	-0.57	0.28
4.477216	-0.57	0.28
4.487118	-0.57	0.29
4.497342	-0.57	0.28
4.507244	-0.56	0.29
4.517238	-0.56	0.29
4.527208	-0.56	0.30
4.537170	-0.56	0.29
4.547500	-0.57	0.29
4.557386	-0.56	0.30
4.567273	-0.56	0.29
4.577140	-0.55	0.28
4.587025	-0.55	0.28
4.596979	-0.56	0.28
4.606869	-0.57	0.28
4.616861	-0.60	0.28
4.626838	-0.60	0.28
4.636799	-0.60	0.29
4.646642	-0.60	0.29
4.656517	-0.59	0.28
4.666490	-0.60	0.29
4.676456	-0.61	0.28
4.686329	-0.60	0.28
4.696211	-0.60	0.28
4.706095	-0.60	0.28
4.716091	-0.60	0.28
4.726076	-0.59	0.28
4.736059	-0.60	0.29
4.746020	-0.60	0.31
4.755986	-0.60	0.30
4.765951	-0.59	0.31
4.775958	-0.59	0.31
4.785949	-0.59	0.28
4.795939	-0.59	0.30
4.805827	-0.59	0.30
4.815800	-0.58	0.30
4.825780	-0.57	0.30
4.835732	-0.57	0.30
4.845711	-0.61	0.30
4.855672	-0.61	0.30
4.865655	-0.61	0.30
4.875606	-0.60	0.30
4.885565	-0.60	0.30
4.895455	-0.59	0.30
4.905379	-0.60	0.29
4.915373	-0.60	0.30
4.925334	-0.60	0.30
4.935318	-0.60	0.30
4.945570	-0.60	0.31
4.955550	-0.60	0.30
4.965525	-0.60	0.29
4.975495	-0.59	0.30
4.985465	-0.59	0.30
4.995441	-0.63	0.31
5.005349	-0.62	0.30
5.015319	-0.61	0.30
5.025299	-0.62	0.29
5.035257	-0.62	0.30
5.045229	-0.60	0.30
5.055247	-0.59	0.30
5.065248	-0.59	0.31
5.075222	-0.58	0.32
5.085163	-0.58	0.33
5.095146	-0.58	0.33
5.104968	-0.59	0.32
5.114825	-0.59	0.32
5.124807	-0.59	0.32
5.134786	-0.60	0.28
5.144689	-0.60	0.30
5.154574	-0.59	0.30
5.164552	-0.59	0.30
5.174453	-0.58	0.29
5.184775	-0.58	0.29
5.195552	-0.59	0.28
5.205493	-0.59	0.28
5.215668	-0.58	0.25
5.225882	-0.58	0.25
5.235751	-0.58	0.26
5.245643	-0.58	0.25
5.255413	-0.58	0.24
5.265456	-0.59	0.24
5.275436	-0.59	0.24
5.285402	-0.58	0.24
5.295377	-0.58	0.24
5.305320	-0.58	0.24
5.315230	-0.58	0.24
5.325099	-0.58	0.24
5.335013	-0.58	0.24
5.345514	-0.58	0.24
5.355591	-0.57	0.23
5.365581	-0.56	0.24
5.375548	-0.57	0.25
5.385512	-0.57	0.25
5.395678	-0.57	0.26
5.405564	-0.57	0.25
5.415544	-0.57	0.26
5.425520	-0.57	0.26
5.435475	-0.58	0.27
5.445426	-0.58	0.27
5.455424	-0.58	0.24
5.465388	-0.57	0.24
5.475367	-0.56	0.25
5.485363	-0.57	0.25
5.495337	-0.58	0.24
5.505329	-0.57	0.24
5.515299	-0.56	0.24
5.525189	-0.56	0.23
5.535027	-0.56	0.23
5.545014	-0.55	0.23
5.554995	-0.56	0.23
5.564959	-0.54	0.23
5.574916	-0.54	0.24
5.584887	-0.53	0.24
5.594846	-0.53	0.24
5.604788	-0.52	0.24
5.614783	-0.53	0.25
5.624759	-0.53	0.25
5.634714	-0.53	0.25
5.644607	-0.53	0.27
5.654433	-0.53	0.26
5.664367	-0.53	0.27
5.674294	-0.52	0.27
5.684240	-0.52	0.27
5.694234	-0.53	0.27
5.704176	-0.52	0.27
5.714158	-0.52	0.28
5.724135	-0.51	0.27
5.734041	-0.50	0.27
5.743944	-0.49	0.27
5.753923	-0.48	0.28
5.763914	-0.47	0.28
5.773887	-0.48	0.29
5.783839	-0.48	0.29
5.793810	-0.48	0.27
5.803749	-0.48	0.27
5.813744	-0.49	0.27
5.823714	-0.50	0.24
5.833677	-0.49	0.24
5.843633	-0.50	0.25
5.853877	-0.50	0.26
5.863846	-0.51	0.28
5.873820	-0.49	0.27
5.883769	-0.48	0.28
5.893690	-0.49	0.29
5.903517	-0.49	0.28
5.913494	-0.49	0.27
5.923478	-0.50	0.27
5.933453	-0.51	0.27
5.943367	-0.49	0.25
5.953254	-0.49	0.25
5.963234	-0.48	0.27
5.973228	-0.49	0.23
5.983212	-0.48	0.23
5.993179	-0.49	0.23
6.003210	-0.48	0.24
6.013187	-0.49	0.25
6.023172	-0.49	0.24
6.033137	-0.49	0.22
6.043150	-0.49	0.22
6.053139	-0.49	0.19
6.063142	-0.50	0.19
6.073137	-0.50	0.20
6.083134	-0.49	0.21
6.093111	-0.49	0.20
6.103069	-0.48	0.20
6.113028	-0.48	0.18
6.123002	-0.47	0.18
6.132969	-0.47	0.18
6.142911	-0.47	0.18
6.152669	-0.47	0.18
6.162533	-0.46	0.20
6.172473	-0.47	0.20
6.182440	-0.47	0.21
6.192428	-0.48	0.21
6.202490	-0.49	0.22
6.212462	-0.49	0.22
6.222437	-0.49	0.22
6.232436	-0.49	0.21
6.242412	-0.48	0.22
6.252431	-0.49	0.22
6.262438	-0.49	0.23
6.272437	-0.49	0.24
6.282411	-0.48	0.24
6.292395	-0.48	0.24
6.302698	-0.48	0.25
6.312679	-0.47	0.25
6.322657	-0.48	0.24
6.332620	-0.47	0.24
6.342587	-0.48	0.25
6.352550	-0.48	0.25
6.362476	-0.51	0.26
6.372262	-0.51	0.26
6.382244	-0.52	0.25
6.392217	-0.52	0.25
6.401991	-0.51	0.25
6.411945	-0.51	0.26
6.421890	-0.51	0.27
6.431840	-0.51	0.26
6.441779	-0.51	0.25
6.451721	-0.51	0.25
6.461649	-0.51	0.24
6.471595	-0.52	0.24
6.481538	-0.52	0.25
6.491469	-0.52	0.25
6.501594	-0.52	0.25
6.511578	-0.52	0.25
6.521570	-0.50	0.25
6.531544	-0.51	0.26
6.541511	-0.51	0.26
6.551477	-0.51	0.27
6.561428	-0.52	0.27
6.571400	-0.51	0.27
6.581175	-0.51	0.27
6.591162	-0.52	0.27
6.601130	-0.53	0.28
6.610886	-0.54	0.29
6.621026	-0.55	0.29
6.631034	-0.54	0.30
6.641007	-0.54	0.30
6.650750	-0.54	0.31
6.660684	-0.54	0.30
6.670649	-0.54	0.30
6.680561	-0.54	0.30
6.690532	-0.54	0.30
6.700480	-0.53	0.29
6.710252	-0.53	0.30
6.720265	-0.54	0.30
6.730246	-0.53	0.31
6.740204	-0.52	0.31
6.750446	-0.52	0.30
6.760421	-0.52	0.31
6.770394	-0.56	0.31
6.780380	-0.55	0.30
6.790151	-0.55	0.29
6.800104	-0.55	0.29
6.809899	-0.55	0.28
6.819851	-0.56	0.29
6.829837	-0.56	0.29
6.839802	-0.57	0.31
6.849763	-0.56	0.32
6.859716	-0.56	0.32
6.869691	-0.56	0.32
6.879674	-0.56	0.29
6.889643	-0.56	0.31
6.899439	-0.57	0.30
6.909213	-0.56	0.26
6.919147	-0.55	0.26
6.929119	-0.55	0.26
6.939091	-0.56	0.23
6.949048	-0.57	0.23
6.959005	-0.56	0.22
6.968963	-0.56	0.22
6.978930	-0.56	0.22
6.988902	-0.57	0.23
6.998707	-0.54	0.23
7.008507	-0.54	0.23
7.018433	-0.54	0.24
7.028427	-0.54	0.21
7.038406	-0.54	0.20
7.048375	-0.52	0.17
7.058346	-0.53	0.17
7.068327	-0.53	0.18
7.078301	-0.54	0.18
7.088279	-0.53	0.20
7.098241	-0.53	0.19
7.108082	-0.53	0.20
7.117982	-0.53	0.19
7.127971	-0.54	0.19
7.137949	-0.54	0.19
7.147795	-0.54	0.20
7.157680	-0.53	0.19
7.167628	-0.54	0.20
7.177458	-0.54	0.21
7.187409	-0.54	0.21
7.197620	-0.54	0.21
7.207482	-0.54	0.22
7.217509	-0.54	0.23
7.227490	-0.54	0.25
7.237468	-0.54	0.24
7.247448	-0.55	0.23
7.257413	-0.55	0.22
7.267390	-0.56	0.19
7.277350	-0.56	0.20
7.287352	-0.55	0.20
7.297341	-0.56	0.21
7.307259	-0.55	0.22
7.317143	-0.54	0.22
7.327114	-0.54	0.22
7.336976	-0.55	0.23
7.346861	-0.55	0.23
7.356834	-0.54	0.22
7.366813	-0.55	0.23
7.376782	-0.54	0.23
7.386758	-0.54	0.25
7.396616	-0.54	0.24
7.406436	-0.55	0.24
7.416196	-0.55	0.24
7.426079	-0.55	0.25
7.436070	-0.55	0.25
7.446031	-0.55	0.25
7.456002	-0.56	0.26
7.465981	-0.56	0.26
7.475958	-0.56	0.26
7.485956	-0.56	0.26
7.495959	-0.55	0.26
7.505891	-0.55	0.26
7.515748	-0.56	0.26
7.525727	-0.56	0.26
7.535695	-0.57	0.25
7.545674	-0.57	0.25
7.555638	-0.57	0.25
7.565607	-0.57	0.26
7.575575	-0.58	0.25
7.585530	-0.59	0.25
7.595512	-0.59	0.25
7.605439	-0.59	0.24
7.615333	-0.59	0.24
7.625242	-0.59	0.25
7.635090	-0.59	0.25
7.644997	-0.59	0.26
7.655119	-0.60	0.26
7.665082	-0.60	0.26
7.675018	-0.63	0.26
7.684971	-0.62	0.26
7.694968	-0.63	0.27
7.704933	-0.64	0.27
7.714784	-0.63	0.28
7.724781	-0.62	0.28
7.734752	-0.61	0.27
7.744718	-0.61	0.27
7.754689	-0.61	0.27
7.764651	-0.59	0.27
7.774622	-0.59	0.27
7.784595	-0.59	0.27
7.794566	-0.59	0.27
7.804526	-0.59	0.27
7.814356	-0.59	0.28
7.824339	-0.59	0.29
7.834254	-0.62	0.30
7.844080	-0.61	0.27
7.854068	-0.61	0.26
7.864025	-0.61	0.26
7.873986	-0.61	0.26
7.883973	-0.62	0.26
7.893890	-0.61	0.26
7.903697	-0.61	0.28
7.913529	-0.61	0.28
7.923507	-0.61	0.29
7.933477	-0.60	0.29
7.943448	-0.59	0.28
7.953419	-0.59	0.29
7.963388	-0.59	0.29
7.973311	-0.58	0.29
7.983359	-0.58	0.31
7.993356	-0.59	0.30
8.003325	-0.59	0.31
8.013221	-0.59	0.31
8.023197	-0.59	0.30
8.033166	-0.59	0.32
8.043084	-0.59	0.32
8.052877	-0.59	0.33
8.062832	-0.59	0.34
8.072794	-0.58	0.34
8.082743	-0.62	0.34
8.092712	-0.62	0.33
8.102939	-0.61	0.32
8.112773	-0.61	0.33
8.122719	-0.62	0.34
8.132693	-0.62	0.35
8.142660	-0.62	0.34
8.152477	-0.61	0.35
8.162410	-0.62	0.35
8.172352	-0.62	0.35
8.182265	-0.62	0.35
8.192231	-0.61	0.36
8.202193	-0.61	0.37
8.212031	-0.61	0.38
8.222020	-0.61	0.37
8.232010	-0.61	0.36
8.241989	-0.60	0.37
8.251944	-0.60	0.37
8.261852	-0.60	0.36
8.271840	-0.59	0.37
8.281845	-0.60	0.37
8.291826	-0.61	0.38
8.301786	-0.61	0.37
8.311619	-0.61	0.37
8.321603	-0.61	0.36
8.331588	-0.61	0.36
8.341550	-0.61	0.36
8.351516	-0.61	0.36
8.361491	-0.61	0.35
8.371457	-0.61	0.35
8.381244	-0.61	0.34
8.391230	-0.61	0.34
8.401048	-0.62	0.35
8.410890	-0.61	0.35
8.421039	-0.61	0.34
8.431018	-0.61	0.34
8.441030	-0.59	0.34
8.451029	-0.59	0.35
8.461009	-0.58	0.34
8.470753	-0.59	0.36
8.480719	-0.59	0.36
8.490697	-0.59	0.35
8.500659	-0.59	0.36
8.510508	-0.57	0.36
8.520473	-0.58	0.36
8.530443	-0.57	0.38
8.540408	-0.56	0.37
8.550662	-0.55	0.37
8.560651	-0.55	0.36
8.570616	-0.55	0.37
8.580586	-0.54	0.37
8.590548	-0.53	0.36
8.600497	-0.53	0.36
8.610373	-0.54	0.36
8.620340	-0.53	0.35
8.630307	-0.53	0.37
8.640286	-0.54	0.38
8.650065	-0.57	0.42
8.660006	-0.61	0.42
8.669963	-0.54	0.35
8.679752	-0.52	0.28
8.689772	-0.52	0.28
8.699743	-0.52	0.30
8.709644	-0.53	0.29
8.719605	-0.50	0.20
8.729575	-0.60	0.22
8.739545	-0.60	0.11
8.749526	-0.59	0.11
8.759492	-0.54	0.06
8.769508	-0.45	0.09
8.779487	-0.37	0.13
8.789463	-0.37	0.20
8.799483	-0.41	0.27
8.809396	-0.46	0.25
8.819344	-0.49	0.21
8.829337	-0.48	0.14
8.839314	-0.48	0.09
8.849294	-0.47	0.09
8.859259	-0.50	0.14
8.869222	-0.51	0.19
8.879187	-0.50	0.23
8.888999	-0.47	0.20
8.898762	-0.44	0.14
8.908671	-0.44	0.15
8.918590	-0.46	0.16
8.928567	-0.50	0.16
8.938541	-0.51	0.16
8.948508	-0.51	0.12
8.958477	-0.47	0.08
8.968455	-0.48	0.09
8.978408	-0.51	0.16
8.988382	-0.55	0.21
8.998619	-0.55	0.29
9.008582	-0.53	0.31
9.018496	-0.49	0.21
9.028481	-0.44	0.13
9.038460	-0.43	0.09
9.048425	-0.46	0.13
9.058392	-0.53	0.21
9.068367	-0.60	0.24
9.078341	-0.63	0.22
9.088316	-0.58	0.16
9.098151	-0.50	0.09
9.108194	-0.50	0.10
9.118163	-0.53	0.19
9.128146	-0.62	0.25
9.138137	-0.67	0.25
9.147959	-0.65	0.20
9.157850	-0.61	0.14
9.167811	-0.57	0.14
9.177640	-0.58	0.15
9.187554	-0.62	0.18
9.197521	-0.63	0.20
9.207485	-0.62	0.21
9.217449	-0.61	0.19
9.227421	-0.56	0.14
9.237408	-0.57	0.13
9.247366	-0.57	0.16
9.257346	-0.59	0.20
9.267306	-0.58	0.22
9.277267	-0.57	0.21
9.287231	-0.56	0.16
9.297188	-0.54	0.14
9.307044	-0.55	0.15
9.316926	-0.60	0.16
9.326906	-0.62	0.20
9.336892	-0.62	0.22
9.346865	-0.63	0.22
9.356843	-0.61	0.25
9.366817	-0.56	0.28
9.376777	-0.50	0.44
9.386755	-0.45	0.45
9.396610	-0.51	0.40
9.406484	-0.59	0.32
9.416296	-0.61	0.34
9.426195	-0.60	0.31
9.436412	-0.58	0.26
9.446397	-0.55	0.26
9.456373	-0.55	0.28
9.466339	-0.57	0.30
9.476314	-0.61	0.32
9.486279	-0.60	0.30
9.496234	-0.57	0.28
9.506206	-0.56	0.23
9.516042	-0.56	0.21
9.526078	-0.57	0.22
9.536078	-0.56	0.25
9.546044	-0.56	0.24
9.556028	-0.53	0.21
9.565995	-0.52	0.17
9.575968	-0.50	0.17
9.585965	-0.51	0.14
9.595935	-0.52	0.18
9.605884	-0.52	0.16
9.615844	-0.52	0.14
9.625822	-0.52	0.13
9.635790	-0.52	0.13
9.645687	-0.53	0.13
9.655521	-0.53	0.14
9.665480	-0.52	0.14
9.675418	-0.52	0.14
9.685363	-0.53	0.14
9.695331	-0.52	0.13
9.705310	-0.53	0.13
9.715340	-0.53	0.16
9.725227	-0.53	0.16
9.735063	-0.53	0.17
9.745052	-0.52	0.18
9.755029	-0.52	0.19
9.764996	-0.52	0.21
9.774977	-0.51	0.21
9.784942	-0.52	0.21
9.794939	-0.52	0.21
9.804909	-0.52	0.20
9.814857	-0.52	0.16
9.824835	-0.52	0.17
9.834814	-0.54	0.14
9.844793	-0.53	0.16
9.854760	-0.53	0.16
9.864729	-0.52	0.16
9.874685	-0.53	0.17
9.884666	-0.52	0.17
9.894822	-0.52	0.17
9.904689	-0.52	0.17
9.914672	-0.53	0.17
9.924653	-0.52	0.18
9.934567	-0.52	0.18
9.944400	-0.51	0.16
9.954389	-0.51	0.16
9.964362	-0.52	0.18
9.974348	-0.51	0.18
9.984307	-0.52	0.16
9.994280	-0.53	0.17
10.004246	-0.53	0.17
10.014202	-0.54	0.17
10.024176	-0.57	0.18
10.034148	-0.56	0.16
10.044124	-0.56	0.19
10.054046	-0.55	0.19
10.064082	-0.55	0.19
10.074079	-0.55	0.18
10.084036	-0.55	0.19
10.094007	-0.54	0.19
10.103990	-0.53	0.18
10.113904	-0.53	0.15
10.123713	-0.53	0.16
10.133689	-0.54	0.14
10.143626	-0.55	0.14
10.153438	-0.55	0.11
10.163410	-0.56	0.11
10.173355	-0.56	0.11
10.183281	-0.56	0.11
10.193265	-0.56	0.12
10.203236	-0.57	0.09
10.213175	-0.57	0.10
10.222968	-0.57	0.10
10.232937	-0.57	0.10
10.242919	-0.56	0.11
10.252886	-0.56	0.11
10.262844	-0.56	0.12
10.272816	-0.56	0.14
10.282775	-0.56	0.16
10.292745	-0.55	0.15
10.302734	-0.57	0.16
10.312686	-0.57	0.16
10.322535	-0.56	0.16
10.332520	-0.55	0.16
10.342778	-0.54	0.16
10.352725	-0.58	0.16
10.362585	-0.57	0.14
10.372543	-0.58	0.14
10.383764	-0.58	0.12
10.394232	-0.57	0.13
10.404177	-0.57	0.13
10.414966	-0.55	0.13
10.424853	-0.55	0.15
10.434832	-0.54	0.15
10.444803	-0.54	0.15
10.454713	-0.54	0.16
10.464778	-0.54	0.15
10.474757	-0.54	0.15
10.484719	-0.55	0.15
10.494684	-0.54	0.16
10.504654	-0.54	0.16
10.514599	-0.53	0.16
10.524422	-0.53	0.17
10.534409	-0.53	0.17
10.544375	-0.53	0.17
10.554341	-0.54	0.17
10.564248	-0.53	0.17
10.574080	-0.57	0.18
10.584081	-0.56	0.18
10.594389	-0.56	0.19
10.604251	-0.56	0.18
10.614157	-0.56	0.19
10.624105	-0.56	0.19
10.634092	-0.57	0.19
10.644024	-0.56	0.20
10.653885	-0.57	0.20
10.663850	-0.56	0.20
10.673826	-0.56	0.20
10.683741	-0.56	0.20
10.693722	-0.57	0.17
10.703693	-0.58	0.17
10.713653	-0.58	0.17
10.723472	-0.57	0.18
10.733437	-0.56	0.18
10.743412	-0.56	0.18
10.753377	-0.57	0.18
10.763333	-0.57	0.18
10.773270	-0.57	0.18
10.783094	-0.55	0.18
10.793389	-0.55	0.19
10.803373	-0.55	0.19
10.813329	-0.55	0.19
10.823247	-0.55	0.19
10.833243	-0.56	0.19
10.843232	-0.56	0.17
10.853195	-0.56	0.17
10.863150	-0.56	0.18
10.873166	-0.55	0.18
10.883172	-0.56	0.18
10.893112	-0.55	0.20
10.902904	-0.55	0.17
10.912862	-0.53	0.17
10.922681	-0.53	0.18
10.932655	-0.52	0.19
10.942638	-0.53	0.20
10.952595	-0.52	0.20
10.962555	-0.52	0.20
10.972535	-0.52	0.21
10.982501	-0.52	0.21
10.992295	-0.51	0.21
11.002298	-0.51	0.22
11.012270	-0.49	0.21
11.022071	-0.49	0.21
11.032049	-0.50	0.20
11.042034	-0.50	0.20
11.052021	-0.51	0.20
11.061992	-0.51	0.17
11.071965	-0.52	0.17
11.081923	-0.53	0.17
11.091890	-0.53	0.19
11.101851	-0.53	0.18
11.111808	-0.53	0.19
11.121619	-0.53	0.18
11.131585	-0.53	0.17
11.141571	-0.53	0.17
11.151335	-0.53	0.17
11.161303	-0.53	0.17
11.171274	-0.53	0.17
11.181074	-0.53	0.18
11.191137	-0.52	0.17
11.200894	-0.53	0.18
11.211049	-0.53	0.20
11.220869	-0.54	0.20
11.230834	-0.54	0.20
11.241161	-0.53	0.20
11.251128	-0.54	0.21
11.261101	-0.53	0.22
11.271070	-0.53	0.22
11.281035	-0.53	0.23
11.291048	-0.52	0.22
11.301050	-0.52	0.22
11.311016	-0.51	0.25
11.320825	-0.52	0.25
11.330790	-0.53	0.26
11.340778	-0.53	0.26
11.350736	-0.53	0.26
11.360703	-0.53	0.26
11.370676	-0.53	0.25
11.380641	-0.54	0.25
11.390622	-0.53	0.25
11.400405	-0.53	0.26
11.410158	-0.53	0.26
11.420005	-0.54	0.26
11.429915	-0.54	0.26
11.439875	-0.53	0.25
11.449803	-0.53	0.25
11.459732	-0.53	0.23
11.469657	-0.52	0.23
11.479597	-0.52	0.23
11.489530	-0.52	0.22
11.499345	-0.52	0.22
11.509288	-0.51	0.21
11.519184	-0.50	0.21
11.529118	-0.51	0.22
11.539096	-0.50	0.23
11.549067	-0.51	0.24
11.559037	-0.51	0.24
11.569018	-0.52	0.23
11.578828	-0.52	0.23
11.588869	-0.52	0.23
11.598849	-0.51	0.23
11.608835	-0.52	0.23
11.618638	-0.52	0.25
11.628574	-0.51	0.25
11.638557	-0.52	0.26
11.648381	-0.52	0.26
11.658303	-0.51	0.26
11.668240	-0.51	0.27
11.678193	-0.52	0.27
11.688176	-0.52	0.29
11.698404	-0.53	0.29
11.708374	-0.54	0.29
11.718301	-0.53	0.29
11.728224	-0.53	0.31
11.738205	-0.53	0.30
11.748186	-0.53	0.27
11.758166	-0.53	0.27
11.768143	-0.53	0.27
11.778108	-0.53	0.27
11.788085	-0.52	0.26
11.798103	-0.55	0.26
11.808072	-0.55	0.26
11.818068	-0.55	0.27
11.827828	-0.55	0.27
11.837759	-0.56	0.27
11.847753	-0.56	0.26
11.857754	-0.56	0.26
11.867709	-0.56	0.26
11.877686	-0.56	0.25
11.887641	-0.56	0.26
11.897475	-0.56	0.26
11.907423	-0.56	0.26
11.917374	-0.57	0.27
11.927270	-0.57	0.27
11.937247	-0.57	0.24
11.947237	-0.57	0.24
11.957202	-0.57	0.23
11.967160	-0.56	0.23
11.977136	-0.56	0.23
11.987090	-0.56	0.25
11.997084	-0.57	0.25
12.007043	-0.56	0.27
12.017018	-0.56	0.26
12.026913	-0.56	0.26
12.036770	-0.57	0.24
12.046773	-0.58	0.21
12.056765	-0.58	0.21
12.066735	-0.58	0.22
12.076715	-0.58	0.22
12.086682	-0.58	0.22
12.096710	-0.58	0.21
12.106693	-0.58	0.21
12.116661	-0.58	0.21
12.126552	-0.57	0.21
12.136428	-0.56	0.22
12.146461	-0.58	0.23
12.156349	-0.59	0.22
12.166306	-0.60	0.21
12.176276	-0.60	0.22
12.186247	-0.59	0.22
12.196213	-0.59	0.23
12.206181	-0.58	0.22
12.216159	-0.58	0.22
12.226065	-0.58	0.22
12.236050	-0.57	0.18
12.245943	-0.57	0.19
12.255824	-0.58	0.19
12.265797	-0.58	0.19
12.275769	-0.57	0.19
12.285725	-0.57	0.21
12.295688	-0.56	0.20
12.305672	-0.55	0.21
12.315647	-0.54	0.21
12.325552	-0.54	0.20
12.335527	-0.53	0.20
12.345507	-0.53	0.19
12.355488	-0.53	0.19
12.365450	-0.53	0.21
12.375425	-0.53	0.19
12.385399	-0.53	0.18
12.395284	-0.52	0.15
12.405131	-0.51	0.15
12.415092	-0.52	0.15
12.425000	-0.53	0.16
12.434968	-0.54	0.17
12.444963	-0.53	0.17
12.454871	-0.54	0.19
12.464717	-0.54	0.18
12.474701	-0.54	0.18
12.484670	-0.52	0.18
12.494645	-0.52	0.18
12.504630	-0.52	0.19
12.514608	-0.53	0.18
12.524648	-0.53	0.18
12.534581	-0.54	0.19
12.544412	-0.54	0.18
12.554391	-0.54	0.19
12.564354	-0.54	0.19
12.574318	-0.53	0.18
12.584269	-0.54	0.17
12.594580	-0.54	0.17
12.604571	-0.54	0.17
12.614583	-0.54	0.18
12.624493	-0.54	0.20
12.634468	-0.55	0.21
12.644390	-0.55	0.21
12.654228	-0.54	0.19
12.664144	-0.54	0.20
12.673984	-0.53	0.19
12.683963	-0.53	0.19
12.693943	-0.52	0.20
12.703919	-0.53	0.21
12.713889	-0.52	0.20
12.723799	-0.52	0.20
12.733774	-0.51	0.21
12.743737	-0.51	0.20
12.753708	-0.51	0.19
12.763668	-0.51	0.19
12.773631	-0.51	0.16
12.783604	-0.51	0.17
12.793576	-0.51	0.17
12.803540	-0.52	0.17
12.813507	-0.52	0.17
12.823423	-0.52	0.18
12.833400	-0.52	0.19
12.843371	-0.52	0.20
12.853336	-0.53	0.20
12.863317	-0.52	0.20
12.873250	-0.52	0.20
12.883045	-0.53	0.20
12.893009	-0.53	0.21
12.902799	-0.53	0.22
12.912763	-0.54	0.23
12.922689	-0.54	0.22
12.932665	-0.54	0.22
12.942629	-0.54	0.22
12.952608	-0.53	0.21
12.962586	-0.54	0.21
12.972557	-0.55	0.22
12.982542	-0.55	0.20
12.992503	-0.54	0.21
13.002466	-0.54	0.20
13.012476	-0.55	0.20
13.022394	-0.54	0.21
13.032359	-0.54	0.21
13.042346	-0.54	0.23
13.052582	-0.54	0.22
13.062547	-0.55	0.24
13.072520	-0.55	0.23
13.082457	-0.55	0.23
13.092236	-0.55	0.23
13.102215	-0.55	0.23
13.112194	-0.54	0.23
13.122141	-0.55	0.25
13.132119	-0.55	0.26
13.142086	-0.55	0.27
13.151876	-0.58	0.28
13.161841	-0.57	0.31
13.171796	-0.57	0.30
13.181731	-0.57	0.29
13.191756	-0.56	0.30
13.201757	-0.56	0.30
13.211747	-0.57	0.30
13.221676	-0.56	0.30
13.231642	-0.56	0.29
13.241610	-0.55	0.30
13.251580	-0.55	0.30
13.261551	-0.54	0.30
13.271512	-0.54	0.29
13.281478	-0.53	0.30
13.291450	-0.52	0.29
13.301215	-0.53	0.30
13.311204	-0.54	0.30
13.321161	-0.54	0.30
13.331155	-0.54	0.30
13.341129	-0.53	0.30
13.351102	-0.54	0.31
13.361065	-0.54	0.30
13.371061	-0.54	0.30
13.381047	-0.54	0.28
13.391046	-0.54	0.28
13.400789	-0.54	0.28
13.410742	-0.55	0.27
13.420703	-0.54	0.27
13.430668	-0.53	0.26
13.440635	-0.53	0.24
13.450617	-0.52	0.22
13.460584	-0.51	0.22
13.470555	-0.51	0.22
13.480510	-0.52	0.21
13.490473	-0.50	0.21
13.500713	-0.49	0.22
13.510500	-0.48	0.22
13.520466	-0.48	0.22
13.530425	-0.49	0.23
13.540405	-0.49	0.23
13.550377	-0.48	0.23
13.560350	-0.49	0.23
13.570325	-0.49	0.22
13.580097	-0.49	0.23
13.590053	-0.49	0.25
13.600030	-0.49	0.25
13.609996	-0.49	0.26
13.619954	-0.48	0.27
13.629917	-0.48	0.26
13.639901	-0.52	0.26
13.649703	-0.51	0.26
13.659646	-0.52	0.26
13.669580	-0.51	0.25
13.679520	-0.51	0.25
13.689540	-0.50	0.26
13.699510	-0.50	0.28
13.709478	-0.50	0.27
13.719322	-0.50	0.27
13.729285	-0.50	0.28
13.739277	-0.51	0.28
13.749254	-0.51	0.28
13.759233	-0.51	0.28
13.769206	-0.51	0.28
13.779168	-0.51	0.28
13.789130	-0.51	0.28
13.799089	-0.51	0.28
13.809054	-0.51	0.28
13.819030	-0.50	0.28
13.828832	-0.49	0.29
13.838892	-0.50	0.28
13.848857	-0.51	0.30
13.858828	-0.51	0.29
13.868803	-0.51	0.29
13.878815	-0.51	0.29
13.888791	-0.52	0.29
13.898634	-0.51	0.29
13.908567	-0.51	0.28
13.918531	-0.51	0.28
13.928348	-0.51	0.29
13.938284	-0.52	0.29
13.948536	-0.52	0.28
13.958528	-0.52	0.28
13.968499	-0.53	0.28
13.978473	-0.54	0.30
13.988440	-0.55	0.31
13.998399	-0.55	0.31
14.008380	-0.55	0.31
14.018336	-0.55	0.30
14.028159	-0.54	0.31
14.038180	-0.54	0.28
14.048153	-0.54	0.28
14.058138	-0.54	0.29
14.068119	-0.52	0.28
14.078071	-0.52	0.28
14.088087	-0.53	0.29
14.098099	-0.53	0.29
14.108114	-0.53	0.29
14.118084	-0.53	0.28
14.127965	-0.53	0.28
14.137724	-0.52	0.26
14.147503	-0.53	0.25
14.157432	-0.52	0.25
14.167399	-0.53	0.25
14.177347	-0.54	0.25
14.187298	-0.54	0.26
14.197277	-0.54	0.27
14.207242	-0.54	0.26
14.217084	-0.54	0.28
14.226909	-0.53	0.29
14.236810	-0.53	0.29
14.246792	-0.53	0.30
14.256772	-0.53	0.30
14.266744	-0.53	0.30
14.276725	-0.54	0.31
14.286690	-0.54	0.31
14.296698	-0.54	0.31
14.306681	-0.55	0.32
14.316689	-0.55	0.32
14.326609	-0.55	0.32
14.336490	-0.54	0.32
14.346368	-0.53	0.31
14.356249	-0.53	0.32
14.366220	-0.53	0.32
14.376204	-0.52	0.33
14.386160	-0.51	0.35
14.396310	-0.54	0.35
14.406202	-0.55	0.35
14.416180	-0.55	0.34
14.426079	-0.53	0.31
14.436076	-0.53	0.31
14.446056	-0.54	0.31
14.456033	-0.54	0.27
14.466025	-0.53	0.28
14.476000	-0.53	0.27
14.485959	-0.54	0.28
14.495907	-0.54	0.28
14.505867	-0.54	0.28
14.515831	-0.55	0.28
14.525765	-0.55	0.28
14.535631	-0.59	0.27
14.545608	-0.62	0.24
14.555510	-0.61	0.24
14.565411	-0.61	0.25
14.575397	-0.60	0.25
14.585380	-0.59	0.27
14.595361	-0.59	0.27
14.605341	-0.59	0.28
14.615214	-0.59	0.28
14.625044	-0.59	0.28
14.634891	-0.57	0.25
14.644789	-0.58	0.21
14.654649	-0.58	0.22
14.664602	-0.58	0.23
14.674564	-0.58	0.22
14.684568	-0.59	0.22
14.694589	-0.59	0.23
14.704560	-0.58	0.23
14.714571	-0.59	0.23
14.724577	-0.58	0.21
14.734409	-0.58	0.21
14.744392	-0.58	0.21
14.754370	-0.58	0.20
14.764302	-0.58	0.17
14.774152	-0.57	0.17
14.784124	-0.57	0.18
14.794089	-0.58	0.18
14.804061	-0.57	0.18
14.814036	-0.57	0.19
14.824013	-0.57	0.18
14.833992	-0.56	0.17
14.843956	-0.57	0.17
14.854205	-0.57	0.19
14.864206	-0.56	0.21
14.874178	-0.56	0.20
14.884154	-0.57	0.20
14.894064	-0.56	0.21
14.903925	-0.57	0.21
14.913900	-0.57	0.22
14.923868	-0.57	0.22
14.933668	-0.57	0.20
14.943646	-0.57	0.21
14.953613	-0.57	0.22
14.963605	-0.57	0.23
14.973529	-0.57	0.23
14.983345	-0.57	0.23
14.993327	-0.57	0.20
15.003293	-0.58	0.20
15.013251	-0.57	0.21
15.023225	-0.57	0.22
15.033024	-0.58	0.22
15.043012	-0.58	0.22
15.052981	-0.58	0.21
15.062943	-0.58	0.22
15.072932	-0.58	0.22
15.082892	-0.58	0.21
15.092874	-0.58	0.23
15.102848	-0.57	0.22
15.112810	-0.57	0.23
15.122787	-0.58	0.22
15.132609	-0.58	0.24
15.142556	-0.57	0.24
15.152324	-0.58	0.24
15.162278	-0.58	0.25
15.172236	-0.58	0.22
15.182175	-0.59	0.22
15.191973	-0.58	0.22
15.201953	-0.58	0.22
15.211931	-0.58	0.22
15.221905	-0.58	0.23
15.231835	-0.59	0.21
15.241801	-0.58	0.21
15.251766	-0.57	0.22
15.261787	-0.57	0.23
15.271765	-0.56	0.23
15.281775	-0.56	0.22
15.291738	-0.57	0.22
15.301965	-0.57	0.22
15.311935	-0.57	0.21
15.321907	-0.57	0.22
15.331844	-0.56	0.22
15.341829	-0.56	0.23
15.351800	-0.57	0.23
15.361779	-0.58	0.23
15.371763	-0.58	0.23
15.381761	-0.57	0.23
15.391729	-0.57	0.23
15.401488	-0.56	0.23
15.411469	-0.56	0.23
15.421244	-0.56	0.23
15.431139	-0.56	0.22
15.441127	-0.57	0.23
15.451099	-0.57	0.25
15.461091	-0.57	0.26
15.471058	-0.58	0.26
15.481067	-0.58	0.26
15.491038	-0.58	0.25
15.501043	-0.57	0.22
15.510989	-0.57	0.21
15.520990	-0.57	0.22
15.530879	-0.58	0.22
15.540845	-0.58	0.22
15.550803	-0.58	0.22
15.560783	-0.59	0.22
15.570753	-0.59	0.21
15.580711	-0.60	0.22
15.590667	-0.59	0.22
15.600628	-0.59	0.22
15.610392	-0.59	0.23
15.620374	-0.58	0.22
15.630256	-0.58	0.23
15.640294	-0.59	0.24
15.650080	-0.59	0.20
15.659856	-0.59	0.20
15.669782	-0.59	0.19
15.679732	-0.59	0.20
15.689692	-0.58	0.20
15.699657	-0.59	0.21
15.709648	-0.58	0.21
15.719612	-0.57	0.21
15.729502	-0.58	0.21
15.739429	-0.57	0.23
15.749693	-0.57	0.24
15.759672	-0.57	0.23
15.769653	-0.56	0.24
15.779629	-0.56	0.23
15.789584	-0.56	0.23
15.799541	-0.56	0.23
15.809507	-0.57	0.23
15.819351	-0.57	0.22
15.829246	-0.57	0.23
15.839198	-0.56	0.25
15.849182	-0.56	0.24
15.859152	-0.57	0.25
15.869133	-0.56	0.24
15.879104	-0.55	0.26
15.889073	-0.55	0.23
15.898879	-0.55	0.20
15.908845	-0.53	0.21
15.918821	-0.53	0.22
15.928740	-0.53	0.22
15.938658	-0.53	0.22
15.948637	-0.52	0.23
15.958608	-0.53	0.23
15.968568	-0.54	0.23
15.978529	-0.54	0.23
15.988496	-0.54	0.23
15.998487	-0.53	0.23
16.008450	-0.53	0.23
16.018419	-0.54	0.24
16.028251	-0.54	0.24
16.038231	-0.55	0.24
16.048197	-0.55	0.25
16.058167	-0.56	0.25
16.068149	-0.56	0.24
16.078115	-0.55	0.25
16.088093	-0.55	0.25
16.098111	-0.54	0.24
16.108114	-0.55	0.22
16.118090	-0.56	0.21
16.128070	-0.56	0.21
16.137963	-0.55	0.21
16.147817	-0.55	0.21
16.157705	-0.54	0.21
16.167671	-0.55	0.21
16.177617	-0.54	0.21
16.187584	-0.53	0.21
16.201842	-0.54	0.21
16.211842	-0.54	0.18
16.221810	-0.54	0.15
16.231676	-0.54	0.15
16.241466	-0.54	0.11
16.251452	-0.54	0.12
16.261417	-0.54	0.12
16.271390	-0.53	0.13
16.281353	-0.54	0.13
16.291332	-0.54	0.13
16.301271	-0.54	0.13
16.311261	-0.55	0.13
16.321229	-0.55	0.14
16.331141	-0.54	0.14
16.341125	-0.55	0.14
16.351087	-0.55	0.12
16.361049	-0.55	0.13
16.371071	-0.56	0.13
16.381043	-0.55	0.13
16.391047	-0.56	0.13
16.400796	-0.56	0.11
16.410731	-0.55	0.12
16.420693	-0.55	0.13
16.430601	-0.54	0.14
16.440560	-0.54	0.14
16.450351	-0.54	0.15
16.460307	-0.53	0.12
16.470276	-0.54	0.12
16.480233	-0.54	0.12
16.490177	-0.53	0.13
16.500129	-0.52	0.14
16.510110	-0.52	0.15
16.520081	-0.52	0.15
16.530116	-0.52	0.15
16.539905	-0.52	0.15
16.549875	-0.52	0.16
16.559664	-0.52	0.14
16.569735	-0.52	0.11
16.579728	-0.53	0.12
16.589703	-0.53	0.12
16.599676	-0.53	0.14
16.609642	-0.52	0.11
16.619602	-0.52	0.11
16.629533	-0.53	0.12
16.639609	-0.54	0.12
16.649418	-0.54	0.12
16.659464	-0.55	0.14
16.669405	-0.54	0.14
16.679373	-0.54	0.14
16.689347	-0.55	0.14
16.699153	-0.54	0.14
16.709105	-0.54	0.14
16.719083	-0.54	0.14
16.729041	-0.55	0.14
16.738982	-0.54	0.12
16.748950	-0.55	0.12
16.758928	-0.55	0.13
16.768904	-0.55	0.13
16.778854	-0.55	0.14
16.788814	-0.55	0.14
16.798776	-0.55	0.14
16.808739	-0.55	0.14
16.818714	-0.58	0.14
16.828691	-0.58	0.13
16.838616	-0.58	0.14
16.848598	-0.57	0.13
16.858564	-0.58	0.14
16.868396	-0.58	0.15
16.878332	-0.59	0.14
16.888299	-0.59	0.15
16.898144	-0.59	0.14
16.908104	-0.60	0.14
16.918120	-0.59	0.14
16.928077	-0.58	0.14
16.938015	-0.59	0.15
16.947990	-0.59	0.15
16.957957	-0.58	0.14
16.967928	-0.58	0.16
16.977905	-0.58	0.15
16.987882	-0.57	0.15
16.997837	-0.57	0.15
17.007814	-0.57	0.17
17.017769	-0.55	0.18
17.027722	-0.56	0.16
17.037668	-0.55	0.16
17.047634	-0.55	0.16
17.057608	-0.56	0.17
17.067582	-0.54	0.16
17.077432	-0.54	0.16
17.087329	-0.54	0.13
17.097318	-0.54	0.14
17.107572	-0.54	0.15
17.117553	-0.54	0.15
17.127507	-0.53	0.16
17.137497	-0.50	0.16
17.147348	-0.50	0.16
17.157230	-0.49	0.16
17.167207	-0.49	0.16
17.177084	-0.49	0.16
17.186970	-0.48	0.18
17.196936	-0.48	0.18
17.206909	-0.49	0.15
17.216879	-0.49	0.16
17.226843	-0.48	0.16
17.236787	-0.48	0.16
17.246752	-0.49	0.13
17.256737	-0.48	0.14
17.266707	-0.48	0.14
17.276689	-0.48	0.14
17.286581	-0.47	0.14
17.296456	-0.48	0.15
17.306408	-0.48	0.15
17.316344	-0.49	0.16
17.326293	-0.50	0.16
17.336211	-0.49	0.17
17.346153	-0.49	0.17
17.356086	-0.49	0.16
17.371195	-0.49	0.17
17.381962	-0.49	0.17
17.392772	-0.49	0.16
17.403713	-0.49	0.14
17.414639	-0.49	0.16
17.425431	-0.49	0.13
17.439061	-0.50	0.14
17.446074	-0.50	0.12
17.457188	-0.49	0.09
17.467121	-0.50	0.11
17.474025	-0.50	0.14
17.480994	-0.50	0.16
17.488022	-0.50	0.15
17.494995	-0.50	0.15
17.501868	-0.50	0.16
17.508700	-0.51	0.16
17.515629	-0.50	0.16
17.523107	-0.51	0.16
17.529935	-0.51	0.16
17.540901	-0.50	0.16
17.547816	-0.51	0.16
17.554795	-0.52	0.18
17.564048	-0.52	0.18
17.570337	-0.53	0.18
17.576626	-0.53	0.18
17.582887	-0.53	0.18
17.589135	-0.53	0.18
17.595398	-0.52	0.19
17.601672	-0.51	0.19
17.607933	-0.52	0.19
17.614199	-0.52	0.20
17.620467	-0.52	0.20
17.626746	-0.52	0.20
17.633023	-0.52	0.19
17.639271	-0.52	0.19
17.645454	-0.52	0.19
17.651602	-0.52	0.20
17.657830	-0.52	0.20
17.664090	-0.53	0.20
17.670344	-0.53	0.20
17.676622	-0.53	0.21
17.682870	-0.53	0.21
17.689135	-0.53	0.20
17.695399	-0.53	0.18
17.701656	-0.53	0.17
17.707781	-0.53	0.18
17.713969	-0.53	0.18
17.720218	-0.53	0.19
17.726420	-0.53	0.18
17.732892	-0.53	0.19
17.739024	-0.54	0.19
17.745249	-0.54	0.19
17.751540	-0.54	0.20
17.757787	-0.54	0.20
17.764045	-0.54	0.20
17.770301	-0.54	0.20
17.776549	-0.54	0.22
17.782802	-0.53	0.21
17.789043	-0.54	0.21
17.795290	-0.54	0.21
17.801563	-0.52	0.21
17.807844	-0.52	0.22
17.814091	-0.52	0.22
17.820356	-0.53	0.22
17.826628	-0.53	0.23
17.833128	-0.54	0.23
17.839399	-0.54	0.23
17.845657	-0.53	0.23
17.851917	-0.53	0.23
17.858176	-0.52	0.23
17.864445	-0.52	0.23
17.870701	-0.51	0.24
17.876965	-0.51	0.24
17.883244	-0.51	0.24
17.889507	-0.51	0.24
17.895670	-0.51	0.24
17.901820	-0.51	0.25
17.908087	-0.52	0.25
17.914294	-0.52	0.25
17.920416	-0.52	0.25
17.926658	-0.52	0.26
17.932939	-0.52	0.26
17.939221	-0.51	0.26
17.945491	-0.52	0.26
17.951757	-0.52	0.25
17.958001	-0.53	0.25
17.964269	-0.52	0.23
17.970533	-0.52	0.23
17.976816	-0.53	0.23
17.983090	-0.53	0.23
17.989358	-0.53	0.23
17.995623	-0.54	0.23
18.001872	-0.54	0.23
18.008133	-0.54	0.24
18.014403	-0.54	0.24
18.020657	-0.54	0.23
18.026920	-0.55	0.24
18.033201	-0.55	0.24
18.039466	-0.54	0.24
18.045716	-0.55	0.24
18.051977	-0.56	0.24
18.058228	-0.55	0.24
18.064487	-0.55	0.23
18.070737	-0.56	0.23
18.077002	-0.55	0.24
18.083267	-0.56	0.23
18.089515	-0.56	0.23
18.095778	-0.55	0.24
18.102047	-0.55	0.23
18.108310	-0.55	0.24
18.114778	-0.55	0.24
18.121056	-0.54	0.24
18.127179	-0.55	0.24
18.133378	-0.55	0.25
18.139534	-0.54	0.25
18.148187	-0.54	0.25
18.158162	-0.54	0.25
18.168115	-0.54	0.25
18.178077	-0.53	0.26
18.188041	-0.53	0.26
18.198009	-0.53	0.26
18.207969	-0.54	0.26
18.217940	-0.53	0.26
18.227923	-0.54	0.25
18.237858	-0.53	0.25
18.247778	-0.53	0.25
18.257751	-0.52	0.25
18.267722	-0.52	0.26
18.277706	-0.53	0.27
18.287682	-0.53	0.27
18.297637	-0.53	0.28
18.307591	-0.53	0.28
18.317547	-0.53	0.28
18.327507	-0.52	0.28
18.337339	-0.52	0.28
18.347236	-0.53	0.29
18.357232	-0.53	0.28
18.367179	-0.53	0.29
18.377049	-0.54	0.28
18.386954	-0.54	0.29
18.396819	-0.54	0.30
18.406743	-0.54	0.30
18.416712	-0.53	0.30
18.426675	-0.54	0.30
18.436626	-0.53	0.31
18.446504	-0.53	0.28
18.456496	-0.52	0.28
18.466474	-0.52	0.28
18.476450	-0.52	0.28
18.486421	-0.53	0.28
18.496392	-0.53	0.29
18.506368	-0.54	0.29
18.516325	-0.55	0.29
18.526303	-0.55	0.28
18.536276	-0.54	0.28
18.546338	-0.54	0.28
18.556234	-0.53	0.28
18.566206	-0.54	0.27
18.576207	-0.54	0.28
18.586185	-0.54	0.28
18.596166	-0.54	0.28
18.606142	-0.54	0.28
18.616123	-0.53	0.28
18.626095	-0.54	0.28
18.636073	-0.53	0.28
18.646000	-0.52	0.27
18.655857	-0.52	0.27
18.665802	-0.52	0.28
18.675765	-0.51	0.28
18.685782	-0.52	0.28
18.695761	-0.52	0.28
18.705732	-0.52	0.29
18.715705	-0.52	0.26
18.725658	-0.52	0.26
18.735613	-0.52	0.26
18.745488	-0.52	0.26
18.755386	-0.51	0.24
18.765223	-0.51	0.25
18.775139	-0.51	0.25
18.785009	-0.51	0.26
18.794991	-0.51	0.26
18.804972	-0.51	0.27
18.814931	-0.51	0.28
18.824909	-0.51	0.28
18.834870	-0.52	0.27
18.844750	-0.53	0.26
18.854732	-0.53	0.26
18.864708	-0.53	0.26
18.874668	-0.53	0.26
18.884665	-0.53	0.26
18.894565	-0.52	0.27
18.904396	-0.52	0.26
18.914370	-0.51	0.26
18.924341	-0.51	0.25
18.934313	-0.52	0.25
18.944192	-0.52	0.25
18.954166	-0.52	0.25
18.964068	-0.52	0.25
18.974001	-0.52	0.25
18.984001	-0.53	0.26
18.994235	-0.53	0.24
19.004222	-0.54	0.25
19.014193	-0.53	0.23
19.024156	-0.52	0.23
19.034146	-0.51	0.23
19.044047	-0.51	0.23
19.054023	-0.52	0.22
19.064006	-0.51	0.23
19.073978	-0.51	0.22
19.083960	-0.50	0.23
19.093941	-0.50	0.23
19.103909	-0.50	0.23
19.113875	-0.51	0.23
19.123889	-0.51	0.23
19.133891	-0.52	0.23
19.143759	-0.52	0.23
19.153587	-0.52	0.23
19.163553	-0.53	0.23
19.173491	-0.54	0.22
19.183318	-0.54	0.22
19.193301	-0.54	0.23
19.203276	-0.54	0.24
19.213250	-0.54	0.24
19.223220	-0.53	0.24
19.233177	-0.51	0.24
19.243083	-0.51	0.24
19.253062	-0.51	0.25
19.263042	-0.51	0.25
19.273004	-0.51	0.25
19.282983	-0.51	0.25
19.292941	-0.51	0.26
19.302912	-0.51	0.27
19.312875	-0.51	0.27
19.322846	-0.50	0.29
19.332821	-0.51	0.26
19.342752	-0.50	0.26
19.352736	-0.51	0.27
19.362689	-0.51	0.24
19.372668	-0.51	0.25
19.382610	-0.50	0.25
19.392362	-0.50	0.26
19.402156	-0.50	0.27
19.412125	-0.50	0.28
19.422102	-0.50	0.29
19.432076	-0.48	0.25
19.442249	-0.49	0.25
19.452235	-0.50	0.25
19.462208	-0.49	0.24
19.472178	-0.49	0.24
19.482146	-0.48	0.25
19.492110	-0.48	0.22
19.502090	-0.47	0.22
19.512049	-0.48	0.22
19.522024	-0.48	0.22
19.531999	-0.48	0.23
19.541934	-0.48	0.24
19.551911	-0.48	0.26
19.561871	-0.48	0.23
19.571836	-0.48	0.23
19.581802	-0.49	0.23
19.591773	-0.49	0.23
19.601541	-0.49	0.23
19.611527	-0.48	0.23
19.621491	-0.49	0.22
19.631450	-0.49	0.23
19.641377	-0.48	0.23
19.651156	-0.49	0.23
19.661116	-0.49	0.24
19.671060	-0.49	0.26
19.681001	-0.49	0.25
19.691072	-0.49	0.24
19.701073	-0.48	0.24
19.711071	-0.49	0.26
19.721076	-0.49	0.26
19.731083	-0.50	0.26
19.741009	-0.50	0.28
19.751118	-0.49	0.28
19.761081	-0.49	0.28
19.771054	-0.48	0.27
19.781000	-0.47	0.27
19.791072	-0.48	0.26
19.801067	-0.47	0.28
19.810804	-0.48	0.29
19.820560	-0.48	0.29
19.830530	-0.48	0.29
19.840502	-0.48	0.26
19.850454	-0.48	0.28
19.860419	-0.47	0.30
19.870394	-0.50	0.29
19.880355	-0.50	0.30
19.890330	-0.50	0.28
19.900384	-0.50	0.27
19.910347	-0.49	0.27
19.920315	-0.49	0.27
19.930267	-0.49	0.27
19.940231	-0.49	0.27
19.950312	-0.49	0.24
19.960296	-0.50	0.23
19.970268	-0.50	0.23
19.980215	-0.49	0.24
19.990219	-0.50	0.23
20.000226	-0.50	0.23
20.010245	-0.50	0.23
20.020071	-0.51	0.24
20.030044	-0.51	0.23
20.040018	-0.51	0.23
20.049987	-0.53	0.23
20.059961	-0.52	0.23
20.069923	-0.52	0.23
20.079897	-0.52	0.22
20.089867	-0.53	0.22
20.099846	-0.53	0.24
20.109839	-0.53	0.25
20.119814	-0.53	0.24
20.129791	-0.53	0.23
20.139757	-0.54	0.23
20.149541	-0.55	0.24
20.159612	-0.55	0.24
20.169575	-0.56	0.21
20.179526	-0.56	0.21
20.189538	-0.56	0.21
20.199511	-0.57	0.20
20.209459	-0.57	0.20
20.219277	-0.57	0.22
20.229028	-0.57	0.19
20.238975	-0.58	0.18
20.248803	-0.56	0.15
20.258734	-0.57	0.15
20.268733	-0.58	0.16
20.278712	-0.58	0.16
20.288685	-0.59	0.16
20.298646	-0.59	0.18
20.308608	-0.58	0.16
20.318558	-0.58	0.16
20.328526	-0.58	0.17
20.338489	-0.58	0.17
20.348589	-0.59	0.19
20.358534	-0.58	0.19
20.368512	-0.59	0.17
20.378483	-0.59	0.17
20.388463	-0.59	0.17
20.398299	-0.59	0.17
20.408214	-0.59	0.17
20.418185	-0.58	0.17
20.428143	-0.58	0.17
20.437964	-0.58	0.17
20.447782	-0.57	0.17
20.457541	-0.58	0.18
20.467712	-0.57	0.18
20.477692	-0.58	0.19
20.487676	-0.57	0.19
20.497647	-0.57	0.20
20.507604	-0.57	0.21
20.517576	-0.57	0.21
20.527529	-0.57	0.20
20.537512	-0.56	0.21
20.547383	-0.58	0.20
20.557278	-0.57	0.20
20.567251	-0.58	0.21
20.577216	-0.57	0.22
20.587185	-0.57	0.21
20.597152	-0.57	0.18
20.607118	-0.58	0.18
20.617071	-0.57	0.17
20.627052	-0.57	0.17
20.637014	-0.56	0.15
20.646872	-0.56	0.15
20.656855	-0.56	0.12
20.666825	-0.56	0.12
20.676779	-0.57	0.10
20.686726	-0.57	0.11
20.696687	-0.57	0.11
20.706654	-0.56	0.12
20.716627	-0.57	0.12
20.726596	-0.57	0.12
20.736579	-0.58	0.12
20.746486	-0.58	0.13
20.756360	-0.58	0.15
20.766328	-0.58	0.14
20.776284	-0.58	0.14
20.786259	-0.58	0.15
20.796496	-0.59	0.12
20.806484	-0.60	0.14
20.816460	-0.60	0.15
20.826435	-0.61	0.14
20.836389	-0.61	0.15
20.846324	-0.61	0.15
20.856096	-0.62	0.17
20.866289	-0.62	0.17
20.876277	-0.62	0.18
20.886252	-0.62	0.19
20.896118	-0.62	0.18
20.906047	-0.62	0.15
20.916027	-0.62	0.12
20.925983	-0.62	0.13
20.935939	-0.61	0.13
20.945880	-0.61	0.14
20.955730	-0.61	0.13
20.965714	-0.61	0.12
20.975688	-0.59	0.13
20.985671	-0.59	0.13
20.995668	-0.58	0.13
21.005652	-0.57	0.13
21.015620	-0.58	0.13
21.025596	-0.58	0.13
21.035553	-0.58	0.15
21.045491	-0.59	0.15
21.055404	-0.59	0.15
21.065297	-0.60	0.14
21.075152	-0.60	0.15
21.085115	-0.60	0.14
21.095103	-0.60	0.14
21.105066	-0.60	0.14
21.115025	-0.59	0.15
21.125005	-0.59	0.14
21.134980	-0.58	0.13
21.144881	-0.57	0.14
21.154692	-0.58	0.15
21.164643	-0.58	0.16
21.174596	-0.57	0.16
21.184540	-0.57	0.15
21.194508	-0.58	0.15
21.204501	-0.58	0.16
21.214478	-0.58	0.16
21.224444	-0.58	0.16
21.234419	-0.58	0.16
21.244385	-0.58	0.18
21.261412	-0.58	0.18
21.271393	-0.57	0.15
21.281218	-0.57	0.16
21.291218	-0.57	0.16
21.301180	-0.56	0.17
21.311154	-0.56	0.18
21.321125	-0.56	0.19
21.331105	-0.56	0.20
21.341083	-0.55	0.22
21.350920	-0.55	0.22
21.360882	-0.59	0.24
21.370833	-0.58	0.24
21.380799	-0.58	0.24
21.390758	-0.59	0.25
21.400544	-0.59	0.25
21.410490	-0.59	0.24
21.420453	-0.59	0.26
21.430438	-0.59	0.27
21.440401	-0.59	0.28
21.450259	-0.59	0.27
21.460308	-0.58	0.27
21.470295	-0.57	0.27
21.480246	-0.57	0.28
21.490056	-0.57	0.27
21.499997	-0.57	0.27
21.509957	-0.57	0.28
21.519928	-0.56	0.30
21.529894	-0.56	0.31
21.539860	-0.56	0.31
21.549738	-0.56	0.30
21.559691	-0.56	0.30
21.569659	-0.56	0.31
21.579631	-0.55	0.31
21.589621	-0.56	0.30
21.599596	-0.56	0.30
21.609564	-0.56	0.31
21.619543	-0.55	0.31
21.629494	-0.54	0.31
21.639445	-0.54	0.31
21.649250	-0.55	0.30
21.659179	-0.55	0.31
21.669129	-0.55	0.32
21.679070	-0.54	0.29
21.689032	-0.54	0.29
21.698848	-0.53	0.29
21.709099	-0.53	0.30
21.719068	-0.52	0.29
21.729042	-0.53	0.29
21.739017	-0.53	0.29
21.748922	-0.52	0.28
21.758917	-0.51	0.28
21.768890	-0.52	0.27
21.778843	-0.52	0.29
21.788862	-0.51	0.30
21.798828	-0.50	0.29
21.808804	-0.50	0.30
21.818770	-0.50	0.29
21.828728	-0.49	0.28
21.838699	-0.50	0.28
21.848631	-0.50	0.28
21.858562	-0.49	0.28
21.868533	-0.49	0.28
21.878512	-0.50	0.28
21.888486	-0.51	0.28
21.898304	-0.50	0.28
21.908212	-0.50	0.28
21.918249	-0.50	0.27
21.928229	-0.50	0.27
21.938207	-0.51	0.28
21.948170	-0.51	0.26
21.958064	-0.52	0.25
21.968027	-0.52	0.26
21.978001	-0.51	0.26
21.987986	-0.51	0.26
21.997961	-0.51	0.26
22.007939	-0.52	0.26
22.017910	-0.52	0.28
22.027873	-0.52	0.28
22.037852	-0.52	0.27
22.047812	-0.53	0.28
22.057722	-0.53	0.27
22.067688	-0.53	0.27
22.077664	-0.53	0.28
22.087636	-0.53	0.28
22.097621	-0.53	0.28
22.107594	-0.53	0.29
22.117434	-0.53	0.30
22.127323	-0.52	0.29
22.137303	-0.52	0.29
22.147167	-0.52	0.31
22.157290	-0.51	0.30
22.167286	-0.51	0.29
22.177230	-0.51	0.29
22.187184	-0.54	0.29
22.197164	-0.53	0.29
22.207143	-0.53	0.29
22.217104	-0.54	0.29
22.227055	-0.54	0.29
22.237029	-0.55	0.28
22.246991	-0.56	0.25
22.256905	-0.56	0.25
22.266883	-0.56	0.27
22.276845	-0.57	0.28
22.286801	-0.56	0.27
22.296794	-0.56	0.26
22.306772	-0.55	0.27
22.316741	-0.55	0.29
22.326591	-0.56	0.28
22.336472	-0.56	0.25
22.346452	-0.56	0.25
22.356363	-0.56	0.25
22.366352	-0.55	0.26
22.376328	-0.55	0.26
22.386289	-0.55	0.25
22.396168	-0.55	0.25
22.406056	-0.56	0.25
22.416051	-0.56	0.25
22.426025	-0.56	0.25
22.436018	-0.56	0.25
22.446016	-0.56	0.25
22.455815	-0.56	0.25
22.465685	-0.56	0.25
22.475674	-0.57	0.25
22.485647	-0.55	0.25
22.495613	-0.55	0.25
22.505602	-0.55	0.22
22.515554	-0.56	0.22
22.525543	-0.56	0.23
22.535431	-0.56	0.22
22.545603	-0.56	0.22
22.555551	-0.55	0.19
22.565512	-0.56	0.20
22.575966	-0.56	0.19
22.585821	-0.55	0.20
22.595724	-0.55	0.21
22.605606	-0.54	0.22
22.615900	-0.55	0.22
22.625887	-0.55	0.22
22.635845	-0.55	0.24
22.645709	-0.55	0.23
22.655553	-0.55	0.24
22.665496	-0.55	0.25
22.675441	-0.55	0.27
22.685390	-0.54	0.27
22.695362	-0.53	0.27
22.705339	-0.52	0.27
22.715288	-0.53	0.27
22.725307	-0.51	0.28
22.735296	-0.51	0.27
22.745216	-0.51	0.27
22.755079	-0.50	0.29
22.765054	-0.50	0.28
22.775016	-0.48	0.29
22.784977	-0.50	0.31
22.794975	-0.49	0.32
22.804963	-0.49	0.32
22.814941	-0.50	0.32
22.824909	-0.50	0.32
22.834864	-0.50	0.31
22.844820	-0.50	0.33
22.854779	-0.50	0.34
22.864742	-0.49	0.34
22.874713	-0.50	0.33
22.884704	-0.51	0.33
22.894613	-0.51	0.30
22.904441	-0.51	0.27
22.914415	-0.50	0.25
22.924386	-0.51	0.26
22.934299	-0.51	0.26
22.944133	-0.52	0.26
22.954019	-0.50	0.26
22.963849	-0.51	0.26
22.973824	-0.51	0.26
22.983782	-0.51	0.26
22.993776	-0.50	0.25
23.003756	-0.51	0.25
23.013719	-0.50	0.25
23.023692	-0.50	0.22
23.033649	-0.50	0.22
23.043612	-0.49	0.22
23.053534	-0.49	0.22
23.063821	-0.49	0.22
23.073807	-0.49	0.22
23.083768	-0.49	0.21
23.093747	-0.49	0.23
23.103716	-0.50	0.21
23.113692	-0.49	0.22
23.123657	-0.48	0.22
23.133633	-0.48	0.20
23.143576	-0.48	0.20
23.153409	-0.49	0.18
23.163344	-0.48	0.18
23.173106	-0.48	0.17
23.182903	-0.49	0.17
23.192901	-0.49	0.18
23.202894	-0.49	0.18
23.212857	-0.49	0.18
23.222834	-0.48	0.17
23.232781	-0.48	0.17
23.242756	-0.48	0.16
23.252714	-0.48	0.14
23.262675	-0.49	0.14
23.272647	-0.49	0.13
23.282616	-0.49	0.14
23.292592	-0.49	0.14
23.302568	-0.49	0.14
23.312544	-0.50	0.14
23.322516	-0.49	0.15
23.332523	-0.50	0.15
23.342483	-0.52	0.15
23.352439	-0.52	0.15
23.362405	-0.51	0.14
23.372358	-0.52	0.15
23.382150	-0.52	0.15
23.392111	-0.52	0.14
23.401901	-0.52	0.15
23.411838	-0.52	0.15
23.421801	-0.53	0.15
23.431776	-0.53	0.15
23.441701	-0.53	0.17
23.451635	-0.52	0.17
23.461592	-0.52	0.18
23.471537	-0.52	0.20
23.481472	-0.52	0.20
23.491403	-0.52	0.20
23.501355	-0.52	0.21
23.511581	-0.53	0.21
23.521503	-0.53	0.21
23.531446	-0.54	0.21
23.541375	-0.53	0.21
23.551316	-0.54	0.20
23.561168	-0.54	0.21
23.571157	-0.53	0.21
23.581135	-0.54	0.22
23.590879	-0.54	0.23
23.600848	-0.52	0.23
23.610808	-0.52	0.23
23.620783	-0.53	0.23
23.630740	-0.54	0.23
23.640709	-0.54	0.24
23.650483	-0.54	0.24
23.660242	-0.53	0.25
23.670305	-0.52	0.25
23.680246	-0.52	0.24
23.690249	-0.52	0.24
23.700270	-0.53	0.24
23.710270	-0.54	0.24
23.720222	-0.55	0.24
23.730183	-0.55	0.26
23.740153	-0.55	0.26
23.750121	-0.54	0.26
23.759920	-0.53	0.26
23.769854	-0.52	0.27
23.779841	-0.52	0.26
23.789802	-0.52	0.26
23.799599	-0.52	0.26
23.809656	-0.53	0.25
23.819635	-0.53	0.24
23.829610	-0.53	0.25
23.839588	-0.54	0.24
23.849546	-0.54	0.24
23.859389	-0.55	0.23
23.869318	-0.56	0.24
23.879271	-0.56	0.26
23.889229	-0.55	0.28
23.899066	-0.55	0.27
23.909005	-0.55	0.25
23.918988	-0.55	0.25
23.928949	-0.55	0.25
23.938921	-0.53	0.25
23.948879	-0.53	0.25
23.958953	-0.52	0.25
23.968943	-0.53	0.22
23.978751	-0.52	0.23
23.988695	-0.53	0.20
23.998671	-0.53	0.20
24.008503	-0.54	0.21
24.018432	-0.54	0.18
24.028404	-0.52	0.15
24.038377	-0.52	0.16
24.048343	-0.52	0.16
24.058191	-0.52	0.15
24.068235	-0.48	0.15
24.078202	-0.49	0.15
24.088178	-0.49	0.14
24.098158	-0.50	0.15
24.108125	-0.51	0.16
24.118138	-0.51	0.17
24.128139	-0.50	0.17
24.138143	-0.51	0.18
24.147995	-0.52	0.18
24.157816	-0.52	0.18
24.167704	-0.53	0.18
24.177671	-0.56	0.18
24.187632	-0.56	0.18
24.197602	-0.57	0.15
24.207584	-0.57	0.17
24.217416	-0.56	0.17
24.227306	-0.57	0.17
24.237278	-0.56	0.17
24.247248	-0.56	0.18
24.257125	-0.56	0.18
24.267011	-0.56	0.17
24.276989	-0.56	0.16
24.286947	-0.56	0.16
24.296902	-0.56	0.17
24.306882	-0.56	0.18
24.316838	-0.54	0.18
24.326794	-0.55	0.18
24.336754	-0.55	0.18
24.346719	-0.55	0.18
24.356661	-0.54	0.17
24.366542	-0.55	0.16
24.376508	-0.55	0.17
24.386462	-0.59	0.19
24.396336	-0.59	0.21
24.406227	-0.60	0.23
24.416475	-0.60	0.20
24.426348	-0.60	0.20
24.436231	-0.60	0.19
24.446212	-0.59	0.20
24.456130	-0.59	0.19
24.466118	-0.59	0.18
24.476091	-0.59	0.18
24.486066	-0.60	0.20
24.496030	-0.58	0.20
24.506013	-0.57	0.20
24.516021	-0.57	0.20
24.526020	-0.58	0.17
24.536015	-0.59	0.17
24.546021	-0.59	0.17
24.555990	-0.60	0.16
24.565868	-0.60	0.16
24.575847	-0.60	0.16
24.585814	-0.59	0.16
24.595790	-0.58	0.17
24.605753	-0.58	0.17
24.615638	-0.58	0.14
24.625532	-0.57	0.14
24.635441	-0.58	0.15
24.645345	-0.59	0.15
24.655203	-0.59	0.14
24.665029	-0.58	0.15
24.675014	-0.58	0.17
24.684945	-0.57	0.19
24.694918	-0.57	0.17
24.704894	-0.56	0.18
24.714867	-0.56	0.19
24.724836	-0.57	0.18
24.734805	-0.57	0.19
24.744768	-0.57	0.19
24.754726	-0.55	0.19
24.764552	-0.55	0.20
24.774540	-0.55	0.20
24.784496	-0.55	0.20
24.794474	-0.55	0.21
24.804452	-0.55	0.23
24.814426	-0.54	0.23
24.824402	-0.54	0.22
24.834368	-0.54	0.22
24.844279	-0.54	0.22
24.854121	-0.55	0.23
24.864244	-0.55	0.23
24.874219	-0.54	0.23
24.884191	-0.55	0.23
24.894109	-0.54	0.23
24.903963	-0.54	0.22
24.913930	-0.55	0.22
24.923943	-0.54	0.24
24.933914	-0.55	0.23
24.943929	-0.55	0.23
24.953935	-0.54	0.22
24.963773	-0.53	0.23
24.973739	-0.54	0.23
24.983703	-0.54	0.20
24.993672	-0.54	0.22
25.003654	-0.54	0.22
25.013594	-0.54	0.22
25.023432	-0.53	0.24
25.033420	-0.52	0.24
25.043372	-0.53	0.24
25.053291	-0.53	0.24
25.063104	-0.54	0.24
25.073085	-0.54	0.24
25.083061	-0.54	0.24
25.093034	-0.55	0.23
25.103029	-0.54	0.23
25.112992	-0.53	0.23
25.122960	-0.53	0.23
25.132928	-0.53	0.23
25.142877	-0.54	0.23
25.152672	-0.54	0.24
25.162588	-0.55	0.24
25.172540	-0.55	0.21
25.182518	-0.56	0.18
25.192524	-0.55	0.19
25.202496	-0.55	0.19
25.212503	-0.54	0.18
25.222529	-0.54	0.18
25.232485	-0.55	0.20
25.242504	-0.54	0.17
25.252502	-0.53	0.19
25.262347	-0.54	0.18
25.272156	-0.54	0.20
25.282133	-0.54	0.19
25.292098	-0.54	0.20
25.302092	-0.53	0.20
25.312340	-0.54	0.21
25.322333	-0.57	0.20
25.332302	-0.56	0.20
25.342267	-0.56	0.21
25.352235	-0.55	0.21
25.362129	-0.56	0.21
25.372115	-0.57	0.21
25.382073	-0.55	0.22
25.392025	-0.59	0.22
25.401847	-0.58	0.22
25.411815	-0.58	0.22
25.421796	-0.57	0.22
25.431803	-0.58	0.21
25.441816	-0.58	0.22
25.451820	-0.58	0.20
25.461702	-0.59	0.20
25.471678	-0.59	0.20
25.481445	-0.59	0.21
25.491427	-0.58	0.23
25.501228	-0.58	0.21
25.511227	-0.57	0.21
25.521196	-0.57	0.22
25.531162	-0.58	0.23
25.541124	-0.58	0.23
25.551081	-0.61	0.23
25.560938	-0.60	0.23
25.570883	-0.60	0.22
25.580852	-0.60	0.23
25.590815	-0.59	0.22
25.600779	-0.58	0.22
25.610732	-0.59	0.22
25.620696	-0.59	0.19
25.630654	-0.59	0.20
25.640615	-0.59	0.21
25.650374	-0.58	0.22
25.660248	-0.58	0.22
25.670317	-0.58	0.20
25.680253	-0.59	0.20
25.690154	-0.58	0.20
25.700115	-0.57	0.20
25.710106	-0.59	0.20
25.720077	-0.60	0.19
25.730046	-0.61	0.20
25.740020	-0.63	0.20
25.749985	-0.62	0.17
25.759908	-0.62	0.14
25.770104	-0.62	0.14
25.780081	-0.62	0.14
25.790045	-0.61	0.15
25.800002	-0.62	0.15
25.809969	-0.62	0.14
25.819927	-0.62	0.15
25.829904	-0.62	0.16
25.839872	-0.62	0.15
25.849838	-0.62	0.16
25.859785	-0.63	0.16
25.869745	-0.63	0.17
25.879727	-0.66	0.18
25.889705	-0.65	0.19
25.899509	-0.65	0.19
25.909451	-0.65	0.19
25.919437	-0.65	0.19
25.929417	-0.64	0.18
25.939402	-0.63	0.19
25.949367	-0.64	0.19
25.959317	-0.63	0.18
25.969238	-0.63	0.19
25.979219	-0.62	0.19
25.989194	-0.62	0.21
25.999141	-0.61	0.21
26.009120	-0.61	0.20
26.019094	-0.61	0.20
26.029067	-0.61	0.20
26.039031	-0.61	0.20
26.049007	-0.61	0.20
26.058822	-0.61	0.21
26.068745	-0.60	0.22
26.078721	-0.61	0.23
26.088687	-0.61	0.25
26.098659	-0.60	0.25
26.108487	-0.61	0.25
26.118438	-0.60	0.25
26.128412	-0.61	0.24
26.138398	-0.60	0.21
26.148218	-0.61	0.21
26.158178	-0.60	0.22
26.168216	-0.60	0.23
26.178174	-0.58	0.23
26.188127	-0.61	0.22
26.198160	-0.61	0.23
26.208149	-0.62	0.24
26.218268	-0.62	0.24
26.228197	-0.62	0.24
26.238165	-0.62	0.22
26.248130	-0.63	0.21
26.258140	-0.63	0.21
26.268065	-0.63	0.20
26.278040	-0.62	0.20
26.288016	-0.63	0.21
26.297973	-0.62	0.22
26.307946	-0.62	0.20
26.317798	-0.62	0.21
26.327707	-0.62	0.20
26.337692	-0.63	0.20
26.347660	-0.62	0.20
26.357617	-0.62	0.20
26.367563	-0.61	0.17
26.377519	-0.60	0.16
26.387480	-0.60	0.17
26.397311	-0.61	0.18
26.407213	-0.63	0.19
26.417165	-0.63	0.18
26.427112	-0.63	0.18
26.437055	-0.62	0.15
26.446986	-0.61	0.15
26.456955	-0.62	0.15
26.466879	-0.62	0.16
26.476840	-0.62	0.16
26.486789	-0.61	0.16
26.496724	-0.61	0.16
26.506727	-0.61	0.18
26.516866	-0.59	0.18
26.526721	-0.59	0.17
26.536606	-0.59	0.16
26.546589	-0.58	0.17
26.556542	-0.57	0.17
26.566487	-0.57	0.17
26.576457	-0.57	0.18
26.586432	-0.58	0.17
26.596414	-0.58	0.15
26.606395	-0.57	0.12
26.616361	-0.57	0.11
26.626318	-0.57	0.13
26.636277	-0.56	0.10
26.646139	-0.57	0.08
26.656050	-0.55	0.10
26.669656	-0.56	0.10
26.679613	-0.55	0.12
26.689575	-0.54	0.13
26.699374	-0.55	0.13
26.709326	-0.54	0.10
26.719301	-0.54	0.10
26.729269	-0.53	0.11
26.739070	-0.52	0.12
26.749018	-0.52	0.12
26.759006	-0.52	0.12
26.768966	-0.52	0.13
26.778936	-0.52	0.13
26.788923	-0.52	0.14
26.798886	-0.52	0.14
26.808866	-0.52	0.13
26.818834	-0.51	0.13
26.828831	-0.52	0.14
26.838835	-0.52	0.14
26.848839	-0.51	0.14
26.858844	-0.52	0.15
26.868788	-0.52	0.15
26.878761	-0.53	0.15
26.888737	-0.53	0.15
26.898557	-0.53	0.18
26.908473	-0.53	0.18
26.918454	-0.53	0.19
26.928432	-0.54	0.20
26.938410	-0.53	0.17
26.948229	-0.53	0.18
26.958264	-0.53	0.19
26.968233	-0.53	0.19
26.978212	-0.52	0.19
26.988176	-0.52	0.17
26.998131	-0.51	0.19
27.008141	-0.51	0.19
27.018164	-0.51	0.20
27.028121	-0.49	0.20
27.038143	-0.49	0.21
27.048151	-0.50	0.20
27.058166	-0.51	0.19
27.067993	-0.51	0.19
27.077889	-0.52	0.21
27.087865	-0.52	0.21
27.097719	-0.52	0.21
27.107667	-0.52	0.18
27.117947	-0.53	0.18
27.127933	-0.54	0.18
27.137907	-0.53	0.15
27.147735	-0.52	0.16
27.157496	-0.53	0.15
27.167419	-0.53	0.15
27.177299	-0.53	0.16
27.187256	-0.52	0.16
27.197225	-0.53	0.16
27.207202	-0.52	0.15
27.217182	-0.52	0.15
27.227148	-0.52	0.15
27.237119	-0.53	0.18
27.247100	-0.53	0.19
27.257066	-0.53	0.20
27.266933	-0.54	0.20
27.276825	-0.53	0.21
27.286801	-0.53	0.21
27.296775	-0.53	0.22
27.306741	-0.53	0.22
27.316771	-0.54	0.22
27.326730	-0.53	0.21
27.336746	-0.53	0.19
27.346747	-0.53	0.20
27.356755	-0.52	0.19
27.366636	-0.52	0.20
27.376511	-0.52	0.17
27.386489	-0.52	0.17
27.396360	-0.52	0.17
27.406226	-0.52	0.19
27.416200	-0.52	0.18
27.426196	-0.52	0.19
27.436170	-0.52	0.20
27.446138	-0.53	0.20
27.456100	-0.53	0.21
27.465970	-0.53	0.21
27.475825	-0.54	0.21
27.485790	-0.54	0.21
27.495762	-0.53	0.21
27.505729	-0.54	0.22
27.515701	-0.55	0.24
27.525682	-0.55	0.26
27.535643	-0.55	0.26
27.545610	-0.54	0.25
27.555580	-0.53	0.22
27.565485	-0.53	0.23
27.575499	-0.54	0.24
27.585451	-0.54	0.24
27.595412	-0.54	0.21
27.605382	-0.53	0.21
27.615346	-0.53	0.21
27.625312	-0.53	0.23
27.635267	-0.52	0.23
27.645187	-0.53	0.24
27.655029	-0.52	0.24
27.664914	-0.52	0.24
27.674872	-0.52	0.23
27.684820	-0.52	0.23
27.694791	-0.52	0.20
27.704771	-0.52	0.21
27.714747	-0.51	0.20
27.724714	-0.50	0.20
27.734696	-0.51	0.20
27.744664	-0.51	0.20
27.754619	-0.51	0.17
27.764605	-0.50	0.15
27.774421	-0.50	0.18
27.784342	-0.49	0.19
27.794172	-0.49	0.19
27.804169	-0.49	0.19
27.814153	-0.50	0.21
27.824122	-0.50	0.21
27.834098	-0.50	0.23
27.844059	-0.50	0.23
27.854031	-0.50	0.24
27.863962	-0.53	0.20
27.873791	-0.54	0.21
27.883748	-0.53	0.20
27.893676	-0.52	0.20
27.903502	-0.52	0.20
27.913469	-0.51	0.17
27.923444	-0.51	0.19
27.933416	-0.51	0.18
27.943385	-0.50	0.18
27.953347	-0.51	0.18
27.963316	-0.50	0.19
27.973133	-0.50	0.19
27.983097	-0.51	0.19
27.993034	-0.51	0.18
28.002842	-0.50	0.18
28.012824	-0.49	0.20
28.023068	-0.49	0.19
28.033047	-0.49	0.19
28.043019	-0.49	0.19
28.052982	-0.49	0.21
28.062937	-0.49	0.21
28.072745	-0.49	0.21
28.082713	-0.49	0.21
28.092686	-0.49	0.21
28.102643	-0.49	0.21
28.112603	-0.50	0.22
28.122579	-0.50	0.22
28.132538	-0.51	0.23
28.142297	-0.49	0.24
28.152112	-0.50	0.24
28.162071	-0.50	0.24
28.171903	-0.50	0.24
28.181859	-0.51	0.25
28.191835	-0.50	0.25
28.201792	-0.50	0.22
28.211561	-0.50	0.19
28.221567	-0.49	0.20
28.231545	-0.50	0.20
28.241514	-0.51	0.19
28.251479	-0.51	0.19
28.261439	-0.51	0.19
28.271248	-0.51	0.19
28.281221	-0.51	0.20
28.291190	-0.51	0.20
28.301158	-0.51	0.21
28.311122	-0.51	0.20
28.321103	-0.51	0.19
28.331113	-0.51	0.19
28.341095	-0.51	0.19
28.351098	-0.50	0.16
28.361044	-0.50	0.16
28.370912	-0.50	0.18
28.380861	-0.50	0.17
28.390839	-0.50	0.18
28.400611	-0.50	0.15
28.410570	-0.49	0.12
28.420342	-0.49	0.12
28.430367	-0.50	0.14
28.440348	-0.49	0.16
28.450329	-0.49	0.16
28.460285	-0.49	0.16
28.470403	-0.49	0.16
28.480374	-0.49	0.14
28.490368	-0.50	0.14
28.500337	-0.51	0.14
28.510359	-0.51	0.16
28.520190	-0.51	0.15
28.530151	-0.50	0.13
28.539937	-0.51	0.12
28.549877	-0.51	0.14
28.559856	-0.51	0.15
28.569707	-0.52	0.15
28.579653	-0.52	0.14
28.589638	-0.52	0.15
28.599602	-0.53	0.16
28.609578	-0.53	0.16
28.619592	-0.53	0.15
28.629386	-0.54	0.13
28.639334	-0.55	0.10
28.649161	-0.55	0.10
28.659068	-0.51	0.11
28.668933	-0.52	0.11
28.678923	-0.52	0.11
28.688915	-0.53	0.09
28.698892	-0.52	0.11
28.708845	-0.51	0.11
28.718869	-0.51	0.11
28.728832	-0.52	0.11
28.738790	-0.55	0.12
28.748757	-0.55	0.12
28.758731	-0.55	0.14
28.768633	-0.55	0.15
28.778386	-0.54	0.16
28.788375	-0.52	0.17
28.798357	-0.52	0.18
28.808336	-0.53	0.16
28.818310	-0.52	0.15
28.828288	-0.51	0.17
28.838114	-0.52	0.17
28.848032	-0.52	0.16
28.858025	-0.52	0.16
28.867965	-0.51	0.16
28.877871	-0.51	0.17
28.887854	-0.54	0.15
28.897700	-0.54	0.15
28.907602	-0.53	0.16
28.917903	-0.53	0.17
28.927892	-0.53	0.14
28.937867	-0.53	0.14
28.947854	-0.53	0.14
28.957820	-0.53	0.14
28.967757	-0.53	0.14
28.977660	-0.52	0.15
28.987645	-0.52	0.15
28.997612	-0.53	0.17
29.007574	-0.54	0.17
29.017544	-0.53	0.17
29.027520	-0.53	0.14
29.037489	-0.54	0.12
29.047317	-0.53	0.12
29.057217	-0.54	0.13
29.067167	-0.54	0.13
29.077058	-0.52	0.15
29.087047	-0.52	0.14
29.097018	-0.52	0.15
29.106982	-0.51	0.14
29.116941	-0.51	0.15
29.126923	-0.50	0.15
29.136893	-0.50	0.16
29.146742	-0.51	0.14
29.156623	-0.50	0.13
29.166589	-0.50	0.15
29.176360	-0.50	0.16
29.186272	-0.51	0.16
29.196248	-0.51	0.17
29.206239	-0.51	0.17
29.216195	-0.51	0.15
29.226161	-0.51	0.16
29.236146	-0.52	0.17
29.246121	-0.52	0.18
29.255988	-0.53	0.19
29.265869	-0.53	0.19
29.275750	-0.53	0.21
29.285729	-0.53	0.22
29.295714	-0.53	0.23
29.305686	-0.53	0.22
29.315648	-0.53	0.22
29.325627	-0.53	0.22
29.335597	-0.53	0.22
29.345553	-0.54	0.23
29.355530	-0.53	0.23
29.365761	-0.54	0.23
29.375664	-0.53	0.23
29.385647	-0.53	0.23
29.395535	-0.53	0.23
29.405377	-0.52	0.23
29.415345	-0.52	0.24
29.425327	-0.52	0.24
29.435339	-0.52	0.26
29.445352	-0.51	0.25
29.455359	-0.52	0.26
29.465233	-0.51	0.27
29.475082	-0.53	0.27
29.485026	-0.53	0.26
29.494953	-0.52	0.25
29.504886	-0.52	0.27
29.514872	-0.53	0.27
29.524858	-0.54	0.24
29.534832	-0.53	0.26
29.544796	-0.54	0.26
29.554767	-0.54	0.23
29.564738	-0.53	0.24
29.574708	-0.53	0.24
29.584701	-0.52	0.24
29.594671	-0.52	0.24
29.604642	-0.52	0.24
29.614643	-0.53	0.24
29.624639	-0.53	0.24
29.634638	-0.53	0.21
29.644576	-0.54	0.19
29.654406	-0.53	0.20
29.664359	-0.53	0.21
29.674186	-0.53	0.22
29.684031	-0.53	0.22
29.694078	-0.54	0.22
29.704063	-0.54	0.23
29.714034	-0.53	0.22
29.724007	-0.54	0.23
29.734003	-0.54	0.22
29.743963	-0.54	0.24
29.753943	-0.54	0.25
29.763953	-0.54	0.25
29.773855	-0.54	0.25
29.783825	-0.53	0.25
29.793783	-0.52	0.25
29.803761	-0.53	0.25
29.813724	-0.53	0.25
29.823977	-0.53	0.26
29.833977	-0.52	0.26
29.843950	-0.52	0.26
29.853917	-0.53	0.26
29.863873	-0.52	0.26
29.873785	-0.52	0.26
29.883716	-0.52	0.26
29.893479	-0.52	0.26
29.903309	-0.51	0.26
29.913281	-0.51	0.28
29.923251	-0.52	0.28
29.933219	-0.52	0.28
29.943229	-0.51	0.29
29.953240	-0.52	0.29
29.963239	-0.52	0.28
29.973156	-0.53	0.28
29.983115	-0.51	0.25
29.993082	-0.51	0.25
30.003053	-0.51	0.24
30.013006	-0.52	0.24
30.022978	-0.51	0.25
30.032950	-0.51	0.25
30.042919	-0.51	0.25
30.052885	-0.51	0.27
30.062851	-0.51	0.26
30.072775	-0.51	0.27
30.082740	-0.52	0.28
30.092691	-0.52	0.28
30.102618	-0.53	0.28
30.112583	-0.54	0.27
30.122565	-0.53	0.27
30.132531	-0.54	0.27
30.142526	-0.54	0.27
30.152294	-0.52	0.28
30.162241	-0.52	0.28
30.172162	-0.52	0.28
30.182114	-0.53	0.28
30.192125	-0.53	0.25
30.202098	-0.53	0.24
30.212067	-0.54	0.24
30.222032	-0.54	0.24
30.232018	-0.54	0.24
30.241987	-0.53	0.25
30.251954	-0.53	0.26
30.261911	-0.57	0.26
30.272103	-0.56	0.23
30.282068	-0.56	0.23
30.292036	-0.56	0.24
30.302004	-0.57	0.21
30.311925	-0.57	0.22
30.321928	-0.57	0.22
30.331904	-0.57	0.22
30.341887	-0.57	0.21
30.351848	-0.57	0.20
30.361810	-0.59	0.19
30.371726	-0.58	0.18
30.381694	-0.57	0.20
30.391665	-0.57	0.21
30.401431	-0.58	0.23
30.411395	-0.58	0.23
30.421367	-0.58	0.24
30.431334	-0.58	0.24
30.441308	-0.59	0.26
30.451268	-0.59	0.27
30.461239	-0.59	0.27
30.471198	-0.59	0.26
30.481188	-0.59	0.27
30.491165	-0.59	0.27
30.501130	-0.60	0.29
30.511135	-0.60	0.29
30.520885	-0.60	0.31
30.530850	-0.59	0.31
30.540631	-0.59	0.28
30.551911	-0.60	0.28
30.562009	-0.59	0.29
30.571986	-0.59	0.28
30.581965	-0.60	0.27
30.591944	-0.60	0.27
30.601903	-0.60	0.26
30.612107	-0.60	0.23
30.622105	-0.59	0.23
30.632088	-0.60	0.22
30.642057	-0.60	0.22
30.651873	-0.61	0.22
30.661840	-0.60	0.21
30.671762	-0.60	0.22
30.681734	-0.59	0.22
30.691678	-0.59	0.24
30.701660	-0.59	0.23
30.711624	-0.59	0.25
30.721899	-0.59	0.26
30.731664	-0.58	0.26
30.741657	-0.58	0.25
30.751622	-0.58	0.25
30.761577	-0.57	0.25
30.771538	-0.56	0.24
30.781513	-0.55	0.23
30.791487	-0.55	0.23
30.801463	-0.55	0.24
30.811418	-0.55	0.25
30.821392	-0.55	0.25
30.831367	-0.55	0.24
30.841343	-0.55	0.24
30.851309	-0.54	0.24
30.861055	-0.55	0.24
30.871302	-0.55	0.24
30.881290	-0.55	0.25
30.891257	-0.55	0.22
30.900992	-0.54	0.22
30.911047	-0.58	0.23
30.921051	-0.57	0.23
30.931118	-0.57	0.22
30.940876	-0.56	0.21
30.950850	-0.56	0.20
30.960810	-0.56	0.22
30.970780	-0.56	0.21
30.980735	-0.56	0.22
30.990717	-0.56	0.22
31.000684	-0.56	0.23
31.010637	-0.56	0.23
31.020598	-0.56	0.23
31.030565	-0.57	0.23
31.040529	-0.57	0.23
31.050480	-0.57	0.22
31.060431	-0.56	0.23
31.070395	-0.55	0.23
31.080149	-0.56	0.23
31.090112	-0.55	0.24
31.100085	-0.54	0.24
31.110043	-0.53	0.23
31.120002	-0.53	0.23
31.129977	-0.54	0.24
31.139943	-0.54	0.24
31.149722	-0.54	0.26
31.159694	-0.53	0.26
31.169673	-0.53	0.25
31.179740	-0.53	0.25
31.189675	-0.52	0.25
31.199648	-0.53	0.25
31.209626	-0.53	0.25
31.219581	-0.52	0.25
31.229599	-0.51	0.25
31.239566	-0.50	0.25
31.249587	-0.50	0.26
31.259387	-0.49	0.25
31.269324	-0.49	0.25
31.279132	-0.49	0.25
31.289055	-0.49	0.26
31.299026	-0.48	0.26
31.308995	-0.47	0.26
31.318971	-0.48	0.24
31.328940	-0.47	0.21
31.338907	-0.48	0.19
31.348883	-0.48	0.20
31.358700	-0.47	0.19
31.368608	-0.48	0.21
31.378444	-0.48	0.22
31.388372	-0.47	0.19
31.398192	-0.47	0.19
31.408078	-0.48	0.19
31.418026	-0.49	0.19
31.427980	-0.48	0.18
31.437932	-0.48	0.17
31.447893	-0.49	0.16
31.457844	-0.48	0.16
31.467784	-0.49	0.16
31.477634	-0.50	0.16
31.487548	-0.49	0.17
31.497501	-0.49	0.16
31.507457	-0.48	0.14
31.517457	-0.48	0.14
31.527463	-0.47	0.13
31.537478	-0.47	0.13
31.547447	-0.46	0.13
31.557444	-0.47	0.13
31.567280	-0.48	0.13
31.577088	-0.48	0.13
31.586986	-0.49	0.12
31.596955	-0.50	0.13
31.606921	-0.50	0.13
31.616885	-0.50	0.13
31.627126	-0.50	0.14
31.637103	-0.51	0.13
31.646970	-0.51	0.13
31.656857	-0.51	0.14
31.666809	-0.52	0.14
31.676689	-0.52	0.14
31.686527	-0.53	0.14
31.696512	-0.53	0.14
31.706487	-0.52	0.13
31.716456	-0.52	0.13
31.726405	-0.52	0.15
31.736387	-0.56	0.15
31.746342	-0.56	0.15
31.756312	-0.55	0.15
31.766292	-0.55	0.16
31.776159	-0.55	0.16
31.786185	-0.54	0.16
31.796159	-0.53	0.16
31.806129	-0.53	0.15
31.816084	-0.53	0.16
31.826045	-0.53	0.16
31.836053	-0.53	0.17
31.846062	-0.55	0.18
31.856041	-0.55	0.17
31.865985	-0.54	0.16
31.875903	-0.55	0.15
31.885758	-0.55	0.16
31.895661	-0.54	0.15
31.905519	-0.54	0.16
31.915469	-0.54	0.15
31.925443	-0.53	0.16
31.935424	-0.54	0.17
31.945379	-0.54	0.17
31.955333	-0.54	0.17
31.965292	-0.54	0.18
31.975216	-0.54	0.17
31.984969	-0.55	0.16
31.994823	-0.54	0.16
32.004817	-0.53	0.15
32.014795	-0.53	0.14
32.024766	-0.53	0.15
32.034751	-0.53	0.16
32.044723	-0.54	0.15
32.054686	-0.54	0.17
32.064654	-0.55	0.18
32.100716	-0.56	0.20
32.110713	-0.55	0.20
32.120680	-0.56	0.21
32.130644	-0.56	0.23
32.140616	-0.56	0.22
32.150392	-0.57	0.21
32.160345	-0.57	0.21
32.170288	-0.57	0.21
32.180270	-0.58	0.22
32.190266	-0.57	0.22
32.200036	-0.57	0.23
32.210008	-0.57	0.23
32.219979	-0.56	0.22
32.229952	-0.56	0.22
32.239928	-0.55	0.19
32.249902	-0.54	0.19
32.259873	-0.54	0.19
32.269835	-0.54	0.18
32.279806	-0.54	0.18
32.289780	-0.54	0.18
32.299550	-0.54	0.18
32.309492	-0.53	0.18
32.319499	-0.53	0.19
32.329438	-0.52	0.19
32.339419	-0.52	0.18
32.349384	-0.51	0.20
32.359357	-0.50	0.21
32.369314	-0.51	0.21
32.379272	-0.52	0.21
32.389250	-0.52	0.21
32.399036	-0.52	0.18
32.408799	-0.52	0.20
32.418740	-0.52	0.21
32.428730	-0.52	0.22
32.438717	-0.52	0.22
32.448692	-0.52	0.22
32.458667	-0.52	0.22
32.468641	-0.52	0.22
32.478602	-0.52	0.22
32.488579	-0.52	0.22
32.498556	-0.53	0.21
32.508536	-0.53	0.21
32.518494	-0.53	0.21
32.528470	-0.53	0.21
32.538433	-0.52	0.22
32.548400	-0.52	0.22
32.558675	-0.53	0.21
32.568650	-0.53	0.23
32.578621	-0.52	0.21
32.588594	-0.53	0.22
32.598568	-0.52	0.22
32.608538	-0.52	0.23
32.618352	-0.53	0.21
32.628293	-0.53	0.18
32.638280	-0.53	0.18
32.648104	-0.52	0.20
32.658002	-0.53	0.21
32.667934	-0.52	0.21
32.677873	-0.51	0.21
32.687829	-0.51	0.20
32.697657	-0.51	0.20
32.707589	-0.51	0.20
32.717559	-0.52	0.21
32.727530	-0.51	0.21
32.737501	-0.51	0.24
32.747477	-0.51	0.23
32.757448	-0.52	0.20
32.767420	-0.53	0.20
32.777384	-0.53	0.21
32.787363	-0.53	0.19
32.797314	-0.52	0.21
32.807283	-0.52	0.22
32.817232	-0.52	0.22
32.827086	-0.52	0.22
32.837003	-0.53	0.23
32.846990	-0.53	0.24
32.856975	-0.53	0.25
32.866938	-0.51	0.25
32.876924	-0.51	0.25
32.886902	-0.52	0.22
32.896767	-0.52	0.22
32.906646	-0.52	0.19
32.916632	-0.53	0.19
32.926607	-0.53	0.19
32.936465	-0.53	0.20
32.946348	-0.54	0.21
32.956332	-0.53	0.22
32.966295	-0.53	0.22
32.976259	-0.53	0.23
32.986218	-0.54	0.23
32.996090	-0.54	0.23
33.006247	-0.53	0.25
33.016218	-0.53	0.27
33.026194	-0.53	0.29
33.036083	-0.53	0.29
33.045961	-0.53	0.30
33.055941	-0.53	0.30
33.065922	-0.53	0.30
33.075897	-0.53	0.29
33.085857	-0.53	0.29
33.095749	-0.56	0.29
33.105596	-0.54	0.30
33.115563	-0.54	0.30
33.125540	-0.55	0.31
33.135496	-0.54	0.32
33.145386	-0.55	0.32
33.155225	-0.55	0.34
33.165181	-0.56	0.34
33.175118	-0.56	0.35
33.185043	-0.56	0.34
33.194971	-0.56	0.34
33.204817	-0.56	0.33
33.214774	-0.55	0.33
33.224738	-0.54	0.32
33.234715	-0.54	0.32
33.244624	-0.54	0.32
33.254465	-0.54	0.31
33.264444	-0.54	0.30
33.274424	-0.54	0.29
33.284381	-0.54	0.30
33.294311	-0.54	0.31
33.304146	-0.57	0.30
33.314148	-0.58	0.30
33.324116	-0.58	0.29
33.334031	-0.57	0.30
33.343850	-0.57	0.30
33.353831	-0.58	0.30
33.363807	-0.57	0.30
33.373769	-0.58	0.31
33.383723	-0.58	0.33
33.393660	-0.57	0.32
33.403462	-0.58	0.32
33.413435	-0.57	0.32
33.423399	-0.58	0.32
33.433367	-0.57	0.31
33.443342	-0.57	0.32
33.453555	-0.57	0.31
33.463394	-0.57	0.32
33.473386	-0.56	0.32
33.483346	-0.56	0.32
33.493309	-0.57	0.32
33.503116	-0.56	0.28
33.513104	-0.56	0.29
33.523084	-0.56	0.30
33.533033	-0.56	0.30
33.543013	-0.55	0.31
33.552979	-0.55	0.31
33.562945	-0.55	0.27
33.572912	-0.55	0.28
33.582873	-0.58	0.28
33.592830	-0.59	0.29
33.602640	-0.59	0.28
33.612616	-0.60	0.29
33.622584	-0.60	0.29
33.632565	-0.60	0.30
33.642520	-0.59	0.26
33.652308	-0.59	0.28
33.662254	-0.59	0.29
33.672042	-0.60	0.30
33.681997	-0.60	0.29
33.691943	-0.59	0.29
33.701750	-0.59	0.28
33.711737	-0.59	0.28
33.721688	-0.60	0.28
33.731652	-0.60	0.27
33.741624	-0.60	0.28
33.751591	-0.60	0.28
33.761556	-0.60	0.29
33.771536	-0.60	0.29
33.781502	-0.60	0.26
33.791464	-0.60	0.26
33.801273	-0.60	0.26
33.811252	-0.60	0.26
33.821217	-0.60	0.26
33.831203	-0.59	0.25
33.841168	-0.60	0.25
33.851141	-0.60	0.25
33.861116	-0.60	0.26
33.871063	-0.59	0.25
33.880862	-0.58	0.26
33.890823	-0.58	0.26
33.900929	-0.58	0.26
33.910885	-0.57	0.26
33.920876	-0.56	0.27
33.930836	-0.56	0.26
33.940805	-0.56	0.27
33.950791	-0.57	0.26
33.960736	-0.57	0.26
33.970717	-0.56	0.24
33.980679	-0.55	0.24
33.990651	-0.55	0.21
34.000495	-0.54	0.21
34.010443	-0.53	0.21
34.020413	-0.53	0.20
34.030355	-0.52	0.20
34.040320	-0.51	0.21
34.050284	-0.51	0.20
34.060306	-0.52	0.20
34.070273	-0.52	0.20
34.080274	-0.51	0.22
34.090085	-0.51	0.22
34.099913	-0.51	0.22
34.109876	-0.51	0.21
34.119851	-0.51	0.21
34.129835	-0.52	0.21
34.139789	-0.53	0.20
34.149595	-0.53	0.22
34.159603	-0.52	0.22
34.169564	-0.52	0.19
34.179497	-0.52	0.16
34.189453	-0.52	0.17
34.199327	-0.52	0.16
34.209265	-0.53	0.16
34.219085	-0.53	0.16
34.229033	-0.53	0.16
34.239007	-0.52	0.16
34.248967	-0.53	0.18
34.258941	-0.52	0.19
34.268904	-0.52	0.18
34.278871	-0.52	0.18
34.288894	-0.52	0.19
34.298704	-0.52	0.19
34.308629	-0.52	0.20
34.318599	-0.52	0.19
34.328562	-0.52	0.19
34.338536	-0.51	0.19
34.348776	-0.51	0.18
34.358757	-0.51	0.18
34.368737	-0.52	0.17
34.378571	-0.52	0.15
34.388503	-0.52	0.17
34.398351	-0.52	0.17
34.408291	-0.53	0.17
34.418267	-0.53	0.17
34.428221	-0.53	0.19
34.438188	-0.52	0.19
34.448211	-0.52	0.19
34.458189	-0.51	0.21
34.468164	-0.52	0.20
34.478164	-0.52	0.20
34.488172	-0.51	0.19
34.498125	-0.52	0.20
34.507888	-0.52	0.20
34.517802	-0.52	0.20
34.527770	-0.51	0.20
34.537732	-0.51	0.20
34.547771	-0.51	0.21
34.557643	-0.53	0.21
34.567571	-0.53	0.21
34.577417	-0.52	0.21
34.587313	-0.51	0.21
34.597270	-0.50	0.21
34.607158	-0.50	0.22
34.617128	-0.51	0.21
34.627106	-0.51	0.21
34.637085	-0.51	0.22
34.646950	-0.51	0.22
34.656862	-0.51	0.23
34.666801	-0.52	0.23
34.676738	-0.50	0.23
34.686629	-0.51	0.23
34.696589	-0.51	0.25
34.706470	-0.51	0.25
34.716332	-0.52	0.25
34.726246	-0.51	0.25
34.736219	-0.51	0.25
34.746209	-0.51	0.26
34.756186	-0.52	0.26
34.766159	-0.52	0.26
34.776143	-0.52	0.25
34.786396	-0.53	0.26
34.796375	-0.53	0.23
34.806250	-0.52	0.22
34.816230	-0.53	0.23
34.826189	-0.53	0.23
34.836163	-0.53	0.23
34.846138	-0.53	0.23
34.856111	-0.53	0.20
34.866083	-0.53	0.21
34.876045	-0.53	0.21
34.885997	-0.53	0.21
34.895870	-0.53	0.21
34.905722	-0.53	0.21
34.915706	-0.54	0.21
34.925577	-0.53	0.22
34.935480	-0.53	0.21
34.945466	-0.52	0.19
34.955432	-0.52	0.19
34.965393	-0.51	0.20
34.975366	-0.51	0.17
34.985380	-0.50	0.19
34.995384	-0.50	0.19
35.005257	-0.50	0.20
35.015172	-0.48	0.20
35.025023	-0.48	0.19
35.035001	-0.49	0.19
35.044968	-0.49	0.19
35.054944	-0.49	0.17
35.064914	-0.50	0.17
35.074885	-0.49	0.19
35.084860	-0.49	0.19
35.094833	-0.48	0.20
35.104753	-0.48	0.20
35.114729	-0.49	0.20
35.124709	-0.49	0.22
35.134625	-0.50	0.22
35.144401	-0.50	0.23
35.154245	-0.51	0.23
35.164173	-0.50	0.25
35.174115	-0.50	0.25
35.184044	-0.51	0.26
35.194034	-0.54	0.26
35.204043	-0.54	0.26
35.214016	-0.54	0.26
35.224008	-0.55	0.25
35.234241	-0.55	0.27
35.244218	-0.55	0.26
35.254207	-0.56	0.26
35.264185	-0.56	0.26
35.274165	-0.56	0.27
35.284124	-0.56	0.27
35.294077	-0.56	0.27
35.304058	-0.56	0.27
35.314041	-0.56	0.27
35.324022	-0.55	0.27
35.334003	-0.55	0.23
35.343906	-0.55	0.23
35.353725	-0.54	0.23
35.363693	-0.54	0.23
35.373661	-0.55	0.24
35.383620	-0.55	0.24
35.393553	-0.54	0.24
35.403351	-0.54	0.25
35.413285	-0.53	0.25
35.423087	-0.53	0.25
35.433034	-0.53	0.24
35.442971	-0.53	0.23
35.452921	-0.53	0.23
35.462841	-0.53	0.22
35.472785	-0.53	0.22
35.482731	-0.53	0.22
35.492663	-0.53	0.24
35.502639	-0.54	0.24
35.512595	-0.54	0.24
35.522567	-0.56	0.24
35.532486	-0.56	0.21
35.542399	-0.55	0.21
35.552352	-0.55	0.21
35.562135	-0.55	0.21
35.572106	-0.54	0.23
35.581972	-0.54	0.23
35.591955	-0.54	0.20
35.601932	-0.54	0.20
35.611899	-0.53	0.21
35.621872	-0.52	0.19
35.631831	-0.52	0.21
35.641836	-0.52	0.21
35.651601	-0.53	0.18
35.661563	-0.53	0.17
35.671522	-0.54	0.18
35.681746	-0.53	0.17
35.691686	-0.53	0.14
35.701603	-0.53	0.14
35.711587	-0.53	0.14
35.721556	-0.52	0.15
35.731522	-0.52	0.15
35.741499	-0.52	0.12
35.751468	-0.52	0.12
35.761448	-0.52	0.12
35.771259	-0.52	0.14
35.781245	-0.51	0.16
35.791212	-0.51	0.16
35.801215	-0.51	0.16
35.811190	-0.51	0.15
35.821142	-0.51	0.15
35.831137	-0.51	0.14
35.841143	-0.51	0.15
35.851153	-0.50	0.16
35.861153	-0.50	0.16
35.871138	-0.50	0.17
35.881143	-0.50	0.17
35.891147	-0.50	0.18
35.900892	-0.51	0.18
35.910841	-0.52	0.19
35.920819	-0.51	0.19
35.930790	-0.51	0.18
35.940745	-0.51	0.19
35.950712	-0.51	0.19
35.960685	-0.52	0.20
35.970651	-0.51	0.20
35.980424	-0.51	0.20
35.990414	-0.50	0.19
36.000378	-0.51	0.21
36.010383	-0.51	0.21
36.020354	-0.50	0.18
36.030303	-0.50	0.18
36.040302	-0.51	0.18
36.050314	-0.51	0.19
36.060299	-0.52	0.19
36.070300	-0.51	0.20
36.080291	-0.52	0.19
36.090286	-0.51	0.19
36.100295	-0.51	0.19
36.110364	-0.52	0.19
36.120628	-0.52	0.20
36.130603	-0.52	0.20
36.140569	-0.52	0.21
36.150356	-0.51	0.20
36.160336	-0.52	0.21
36.170281	-0.52	0.21
36.180266	-0.52	0.21
36.190043	-0.52	0.22
36.200006	-0.52	0.22
36.209979	-0.53	0.22
36.219780	-0.53	0.21
36.229746	-0.53	0.21
36.239718	-0.52	0.22
36.249679	-0.52	0.22
36.259645	-0.52	0.22
36.269618	-0.52	0.21
36.279584	-0.52	0.19
36.289605	-0.52	0.18
36.299621	-0.51	0.19
36.309416	-0.50	0.20
36.319343	-0.51	0.20
36.329320	-0.50	0.20
36.339290	-0.51	0.19
36.349268	-0.51	0.19
36.359237	-0.51	0.20
36.369211	-0.52	0.20
36.379176	-0.51	0.20
36.389154	-0.51	0.20
36.398958	-0.50	0.20
36.408848	-0.50	0.20
36.418775	-0.50	0.20
36.428739	-0.51	0.20
36.438721	-0.51	0.20
36.448687	-0.50	0.20
36.458516	-0.51	0.20
36.468434	-0.51	0.17
36.478390	-0.50	0.17
36.488345	-0.50	0.18
36.498286	-0.51	0.18
36.508088	-0.50	0.17
36.518011	-0.51	0.17
36.527994	-0.51	0.19
36.537977	-0.51	0.19
36.547949	-0.49	0.19
36.557913	-0.49	0.18
36.568208	-0.49	0.18
36.578177	-0.49	0.19
36.588202	-0.49	0.19
36.598187	-0.48	0.20
36.608046	-0.49	0.21
36.617962	-0.48	0.21
36.627933	-0.48	0.20
36.637901	-0.47	0.21
36.647744	-0.46	0.21
36.657652	-0.46	0.20
36.667601	-0.47	0.17
36.677522	-0.47	0.19
36.687460	-0.46	0.19
36.697484	-0.46	0.21
36.707381	-0.47	0.23
36.717281	-0.48	0.24
36.727259	-0.48	0.25
36.737231	-0.49	0.26
36.747202	-0.50	0.27
36.757162	-0.50	0.27
36.767132	-0.50	0.27
36.777095	-0.50	0.27
36.787058	-0.50	0.27
36.797020	-0.50	0.27
36.806909	-0.50	0.27
36.816758	-0.49	0.27
36.826656	-0.49	0.27
36.836639	-0.49	0.27
36.846600	-0.48	0.27
36.856572	-0.48	0.28
36.866547	-0.48	0.28
36.876505	-0.49	0.28
36.886481	-0.50	0.28
36.896365	-0.50	0.28
36.906159	-0.51	0.29
36.916104	-0.51	0.30
36.926080	-0.51	0.30
36.936077	-0.52	0.30
36.946072	-0.51	0.30
36.956098	-0.51	0.30
36.966081	-0.51	0.30
36.976087	-0.51	0.27
36.986099	-0.52	0.29
36.996068	-0.51	0.26
37.006008	-0.52	0.25
37.016183	-0.52	0.25
37.026067	-0.51	0.25
37.035939	-0.50	0.26
37.045907	-0.50	0.24
37.055870	-0.49	0.24
37.065845	-0.49	0.23
37.075817	-0.50	0.24
37.085795	-0.51	0.24
37.095692	-0.51	0.26
37.105544	-0.50	0.26
37.115462	-0.51	0.22
37.125448	-0.52	0.22
37.135439	-0.51	0.22
37.145315	-0.51	0.22
37.155178	-0.51	0.21
37.165143	-0.52	0.21
37.175047	-0.51	0.20
37.185917	-0.51	0.20
37.195992	-0.51	0.18
37.205918	-0.51	0.18
37.215776	-0.51	0.17
37.225756	-0.52	0.18
37.235630	-0.53	0.16
37.245507	-0.52	0.18
37.255493	-0.52	0.17
37.265468	-0.51	0.19
37.275441	-0.51	0.20
37.285418	-0.50	0.20
37.295374	-0.50	0.21
37.305364	-0.50	0.20
37.315215	-0.49	0.20
37.325187	-0.50	0.21
37.335159	-0.50	0.21
37.345126	-0.48	0.21
37.355115	-0.49	0.18
37.365092	-0.49	0.18
37.375077	-0.50	0.19
37.385046	-0.50	0.20
37.394962	-0.50	0.17
37.404779	-0.50	0.17
37.414603	-0.50	0.17
37.424582	-0.49	0.17
37.434550	-0.50	0.17
37.444445	-0.50	0.17
37.454276	-0.51	0.17
37.464602	-0.52	0.17
37.474569	-0.51	0.18
37.484533	-0.51	0.18
37.494456	-0.51	0.18
37.504302	-0.53	0.19
37.514130	-0.53	0.20
37.524114	-0.54	0.16
37.534081	-0.54	0.17
37.544050	-0.54	0.18
37.554013	-0.53	0.20
37.563989	-0.53	0.19
37.573965	-0.53	0.20
37.583983	-0.53	0.19
37.593956	-0.54	0.20
37.603993	-0.54	0.20
37.613802	-0.55	0.21
37.623797	-0.55	0.21
37.633760	-0.55	0.23
37.643692	-0.53	0.23
37.653449	-0.54	0.23
37.663382	-0.55	0.24
37.673339	-0.54	0.24
37.683311	-0.53	0.25
37.693286	-0.53	0.24
37.703257	-0.53	0.25
37.713084	-0.54	0.24
37.723049	-0.54	0.24
37.733024	-0.53	0.25
37.742973	-0.53	0.26
37.752938	-0.53	0.25
37.762891	-0.53	0.26
37.772873	-0.52	0.26
37.782847	-0.52	0.26
37.792805	-0.52	0.25
37.802778	-0.52	0.24
37.812650	-0.52	0.24
37.822632	-0.53	0.24
37.832606	-0.54	0.24
37.842584	-0.54	0.24
37.852562	-0.54	0.24
37.862541	-0.55	0.24
37.872345	-0.55	0.24
37.882313	-0.55	0.25
37.892272	-0.55	0.24
37.902048	-0.58	0.24
37.912164	-0.58	0.23
37.922141	-0.58	0.23
37.932111	-0.57	0.22
37.942077	-0.56	0.24
37.952037	-0.56	0.25
37.962016	-0.56	0.25
37.971989	-0.57	0.26
37.981942	-0.57	0.26
37.991913	-0.57	0.26
38.001873	-0.56	0.26
38.011709	-0.57	0.27
38.021696	-0.57	0.24
38.031672	-0.56	0.21
38.041638	-0.55	0.21
38.051594	-0.56	0.20
38.061552	-0.59	0.21
38.071524	-0.58	0.21
38.081307	-0.59	0.22
38.091308	-0.58	0.22
38.101277	-0.57	0.21
38.111219	-0.57	0.22
38.121208	-0.56	0.22
38.131179	-0.56	0.22
38.141132	-0.56	0.21
38.150872	-0.56	0.20
38.160813	-0.55	0.20
38.170761	-0.56	0.20
38.180705	-0.56	0.20
38.190640	-0.57	0.21
38.200605	-0.57	0.20
38.210451	-0.56	0.20
38.220411	-0.56	0.19
38.230360	-0.56	0.21
38.240328	-0.56	0.21
38.250338	-0.56	0.20
38.260316	-0.56	0.19
38.270326	-0.56	0.16
38.280279	-0.59	0.16
38.290051	-0.58	0.18
38.300002	-0.57	0.17
38.309868	-0.57	0.14
38.319816	-0.57	0.11
38.329800	-0.57	0.11
38.339762	-0.57	0.11
38.349728	-0.58	0.12
38.359972	-0.58	0.11
38.369961	-0.58	0.12
38.379939	-0.57	0.14
38.389923	-0.57	0.16
38.399719	-0.56	0.16
38.409578	-0.56	0.17
38.419523	-0.56	0.17
38.429500	-0.55	0.17
38.439455	-0.57	0.17
38.449411	-0.56	0.17
38.459396	-0.56	0.17
38.469359	-0.56	0.18
38.479346	-0.55	0.17
38.489317	-0.55	0.18
38.499147	-0.55	0.15
38.509012	-0.56	0.15
38.518974	-0.54	0.15
38.528949	-0.55	0.15
38.538762	-0.55	0.17
38.548696	-0.55	0.18
38.558689	-0.54	0.19
38.568654	-0.54	0.20
38.578621	-0.54	0.17
38.588590	-0.54	0.17
38.598569	-0.55	0.17
38.608480	-0.55	0.17
38.618404	-0.55	0.19
38.628386	-0.55	0.20
38.638377	-0.54	0.19
38.648188	-0.54	0.19
38.658079	-0.55	0.18
38.668043	-0.54	0.19
38.678004	-0.55	0.16
38.687944	-0.54	0.17
38.697917	-0.54	0.17
38.707761	-0.54	0.16
38.717665	-0.54	0.17
38.727662	-0.53	0.18
38.737629	-0.53	0.16
38.747588	-0.52	0.18
38.757563	-0.53	0.18
38.767540	-0.53	0.18
38.777507	-0.53	0.18
38.787472	-0.53	0.19
38.797693	-0.52	0.18
38.807658	-0.52	0.20
38.817613	-0.53	0.21
38.827577	-0.53	0.21
38.837555	-0.53	0.21
38.847522	-0.54	0.21
38.857492	-0.54	0.21
38.867534	-0.54	0.21
38.877515	-0.53	0.21
38.887490	-0.54	0.19
38.897365	-0.54	0.20
38.907237	-0.54	0.17
38.916993	-0.54	0.16
38.926939	-0.54	0.16
38.936915	-0.54	0.16
38.946874	-0.54	0.19
38.956837	-0.54	0.17
38.966815	-0.54	0.17
38.976787	-0.54	0.19
38.986790	-0.54