19091772 -140.000000 -28.000000 16504.000000 -392.000000 33.000000 -32.000000 -2768.000000
19101707 -80.000000 -172.000000 16160.000000 -384.000000 82.000000 -9.000000 -2752.000000
19111633 -52.000000 -176.000000 16432.000000 -373.000000 73.000000 245.000000 -2784.000000
19121691 -136.000000 -128.000000 16396.000000 -361.000000 56.000000 -3.000000 -2752.000000
19131624 -248.000000 -120.000000 16272.000000 -351.000000 44.000000 -17.000000 -2752.000000
19141477 -64.000000 -136.000000 16584.000000 -351.000000 39.000000 -26.000000 -2752.000000
19151446 -164.000000 -92.000000 16512.000000 -369.000000 35.000000 -12.000000 -2736.000000
19161429 -144.000000 -152.000000 16448.000000 -416.000000 53.000000 -19.000000 -2736.000000
19171360 -128.000000 -168.000000 16372.000000 -435.000000 118.000000 -243.000000 -2752.000000
19181200 -56.000000 -268.000000 16292.000000 -435.000000 125.000000 17.000000 -2752.000000
19191169 -84.000000 -152.000000 16348.000000 -414.000000 34.000000 17.000000 -2752.000000
19201132 -128.000000 -92.000000 16332.000000 -348.000000 -94.000000 -16.000000 -2736.000000
19211110 -192.000000 -252.000000 16476.000000 -301.000000 -69.000000 -21.000000 -2784.000000
19221069 12.000000 -116.000000 16340.000000 -326.000000 -27.000000 -17.000000 -2768.000000
19231040 -124.000000 -184.000000 16428.000000 -384.000000 90.000000 -11.000000 -2736.000000
19240996 184.000000 -188.000000 16584.000000 -432.000000 108.000000 -245.000000 -2752.000000
19250928 -108.000000 -88.000000 16312.000000 -426.000000 134.000000 -16.000000 -2720.000000
19260822 -80.000000 -108.000000 16536.000000 -392.000000 99.000000 0.000000 -2752.000000
19270792 -124.000000 -168.000000 16284.000000 -354.000000 56.000000 -23.000000 -2736.000000
19280765 -88.000000 -100.000000 16560.000000 -327.000000 5.000000 -19.000000 -2752.000000
19290724 -240.000000 -152.000000 16192.000000 -327.000000 -39.000000 -17.000000 -2736.000000
19300655 -60.000000 -136.000000 16164.000000 -349.000000 -26.000000 250.000000 -2736.000000
19310454 -120.000000 -124.000000 16452.000000 -323.000000 9.000000 18.000000 -2768.000000
19320409 -124.000000 -84.000000 16224.000000 -314.000000 12.000000 5.000000 -2768.000000
19330199 -108.000000 -68.000000 16524.000000 -295.000000 -26.000000 -31.000000 -2736.000000
19340172 -68.000000 -160.000000 16340.000000 -234.000000 -71.000000 253.000000 -2704.000000
19350129 -156.000000 -124.000000 16364.000000 -243.000000 -91.000000 -1.000000 -2720.000000
19360102 -144.000000 -124.000000 16384.000000 -157.000000 -32.000000 31.000000 -2736.000000
19370082 -252.000000 -264.000000 16596.000000 -209.000000 -102.000000 19.000000 -2720.000000
19380036 -36.000000 -32.000000 16276.000000 -236.000000 -121.000000 3.000000 -2720.000000
19389830 -136.000000 -188.000000 16652.000000 -200.000000 -49.000000 -14.000000 -2752.000000
19399796 -36.000000 -244.000000 16404.000000 -229.000000 -71.000000 -241.000000 -2720.000000
19409752 -88.000000 -168.000000 16596.000000 -224.000000 -39.000000 18.000000 -2736.000000
19419526 -72.000000 -180.000000 16200.000000 -194.000000 71.000000 71.000000 -2720.000000
19429499 -100.000000 -176.000000 16452.000000 -179.000000 -13.000000 251.000000 -2768.000000
19439483 -72.000000 -156.000000 16252.000000 -144.000000 -282.000000 -13.000000 -2752.000000
19449453 -84.000000 -104.000000 16564.000000 30.000000 -175.000000 -26.000000 -2784.000000
19459445 -108.000000 16.000000 16560.000000 -219.000000 -280.000000 -40.000000 -2736.000000
19469424 -64.000000 -64.000000 16372.000000 -330.000000 -129.000000 10.000000 -2784.000000
19479399 64.000000 -52.000000 16520.000000 -339.000000 126.000000 -254.000000 -2768.000000
19489372 -52.000000 -100.000000 16152.000000 -489.000000 89.000000 17.000000 -2752.000000
19499337 -84.000000 -84.000000 16416.000000 -369.000000 254.000000 23.000000 -2736.000000
19509295 -40.000000 -132.000000 16464.000000 -291.000000 -80.000000 244.000000 -2768.000000
19519256 -88.000000 -24.000000 16496.000000 -332.000000 -85.000000 -4.000000 -2784.000000
19529262 -84.000000 -96.000000 16208.000000 -306.000000 -37.000000 249.000000 -2768.000000
19545327 0.000000 -48.000000 16412.000000 -309.000000 -41.000000 18.000000 -2736.000000
19555328 -20.000000 -120.000000 16384.000000 -327.000000 -38.000000 -253.000000 -2752.000000
19565312 -92.000000 -12.000000 16200.000000 -361.000000 -71.000000 -8.000000 -2736.000000
19575273 28.000000 -84.000000 16492.000000 -311.000000 -38.000000 1.000000 -2720.000000
19585240 68.000000 -20.000000 16440.000000 -351.000000 -70.000000 -4.000000 -2736.000000
19595217 -40.000000 -80.000000 16416.000000 -345.000000 -53.000000 -34.000000 -2736.000000
19605178 240.000000 -104.000000 16340.000000 -391.000000 17.000000 -11.000000 -2752.000000
19615146 -40.000000 -4.000000 16236.000000 -427.000000 81.000000 -253.000000 -2736.000000
19625112 0.000000 -108.000000 16356.000000 -427.000000 101.000000 4.000000 -2736.000000
19634938 -124.000000 -40.000000 16384.000000 -405.000000 100.000000 254.000000 -2736.000000
19644827 -40.000000 -52.000000 16188.000000 -377.000000 66.000000 17.000000 -2736.000000
19654677 -52.000000 -108.000000 16428.000000 -367.000000 60.000000 -47.000000 -2768.000000
19664582 -52.000000 -452.000000 16352.000000 -349.000000 82.000000 -250.000000 -2736.000000
19674558 -32.000000 -24.000000 16584.000000 -363.000000 82.000000 -13.000000 -2752.000000
19684534 -12.000000 -92.000000 16532.000000 -453.000000 69.000000 -32.000000 -2752.000000
19694520 76.000000 -52.000000 16436.000000 -420.000000 151.000000 -7.000000 -2752.000000
19704490 200.000000 -40.000000 16576.000000 -415.000000 160.000000 -4.000000 -2752.000000
19714446 8.000000 -216.000000 16572.000000 -455.000000 118.000000 27.000000 -2768.000000
19724417 -8.000000 -76.000000 16408.000000 -414.000000 143.000000 11.000000 -2720.000000
19735424 -64.000000 -40.000000 16420.000000 -429.000000 106.000000 -16.000000 -2736.000000
19745316 64.000000 -84.000000 16352.000000 -388.000000 50.000000 249.000000 -2768.000000
19755242 236.000000 -120.000000 16448.000000 -312.000000 -9.000000 249.000000 -2720.000000
19765100 -4.000000 -76.000000 16440.000000 -262.000000 -72.000000 -27.000000 -2752.000000
19775115 -88.000000 -124.000000 16584.000000 -264.000000 -114.000000 -27.000000 -2736.000000
19784956 -212.000000 -200.000000 16412.000000 -330.000000 -23.000000 -9.000000 -2752.000000
19794924 -68.000000 -112.000000 16432.000000 -421.000000 178.000000 -24.000000 -2768.000000
19804879 -256.000000 32.000000 16344.000000 -536.000000 249.000000 35.000000 -2752.000000
19814804 -96.000000 44.000000 16448.000000 -584.000000 255.000000 3.000000 -2784.000000
19824742 -44.000000 -88.000000 16468.000000 -501.000000 202.000000 -2.000000 -2752.000000
19834696 0.000000 -152.000000 16392.000000 -417.000000 22.000000 -255.000000 -2768.000000
19844669 -20.000000 -12.000000 16636.000000 -348.000000 -61.000000 -253.000000 -2720.000000
19854603 -132.000000 -4.000000 16368.000000 -337.000000 -23.000000 -11.000000 -2752.000000
19864567 -72.000000 112.000000 16612.000000 -319.000000 -56.000000 11.000000 -2736.000000
19874535 40.000000 -80.000000 16484.000000 -331.000000 102.000000 29.000000 -2752.000000
19884383 4.000000 -128.000000 16376.000000 -348.000000 92.000000 33.000000 -2784.000000
19894193 -36.000000 -152.000000 16576.000000 -365.000000 53.000000 -10.000000 -2736.000000
19904089 -100.000000 -68.000000 16636.000000 -326.000000 40.000000 241.000000 -2768.000000
19914075 -112.000000 -196.000000 16496.000000 -361.000000 24.000000 -19.000000 -2720.000000
19924040 32.000000 -256.000000 16472.000000 -382.000000 83.000000 -20.000000 -2736.000000
19934007 204.000000 -132.000000 16392.000000 -435.000000 93.000000 -1.000000 -2752.000000
19943980 -120.000000 -128.000000 16456.000000 -527.000000 114.000000 -5.000000 -2768.000000
19953851 -68.000000 -60.000000 16404.000000 -759.000000 120.000000 -256.000000 -2768.000000
19963738 -40.000000 -104.000000 16444.000000 -424.000000 59.000000 21.000000 -2736.000000
19973700 64.000000 -104.000000 16512.000000 -464.000000 66.000000 -44.000000 -2768.000000
19983565 -112.000000 -64.000000 16604.000000 -440.000000 89.000000 -15.000000 -2736.000000
19993429 -48.000000 -156.000000 16428.000000 -487.000000 125.000000 -22.000000 -2768.000000
20003687 -12.000000 -140.000000 16192.000000 -490.000000 195.000000 2.000000 -2752.000000
20013658 -64.000000 -192.000000 16280.000000 -496.000000 204.000000 13.000000 -2736.000000
20023625 -84.000000 -40.000000 16532.000000 -467.000000 128.000000 8.000000 -2752.000000
20033602 -60.000000 -64.000000 16352.000000 -411.000000 36.000000 -6.000000 -2768.000000
20043574 -60.000000 -196.000000 16464.000000 -383.000000 -7.000000 -33.000000 -2736.000000
20053531 -88.000000 -40.000000 16340.000000 -343.000000 30.000000 -26.000000 -2752.000000
20063507 -240.000000 -84.000000 16548.000000 -378.000000 44.000000 -34.000000 -2768.000000
20073478 -112.000000 -96.000000 16424.000000 -402.000000 86.000000 -14.000000 -2752.000000
20083408 196.000000 -92.000000 16620.000000 -397.000000 120.000000 -4.000000 -2720.000000
20093258 -44.000000 -20.000000 16204.000000 -417.000000 93.000000 2.000000 -2752.000000
20103246 -72.000000 -120.000000 16592.000000 -394.000000 42.000000 -3.000000 -2752.000000
20113234 -100.000000 16.000000 16516.000000 -375.000000 41.000000 1.000000 -2720.000000
20123197 -120.000000 -116.000000 16504.000000 -357.000000 56.000000 -5.000000 -2752.000000
20133089 -20.000000 -48.000000 16568.000000 -388.000000 49.000000 253.000000 -2768.000000
20142946 -136.000000 -80.000000 16476.000000 -398.000000 32.000000 -250.000000 -2784.000000
20152924 8.000000 -80.000000 16432.000000 -381.000000 40.000000 252.000000 -2736.000000
20162803 -44.000000 -120.000000 16416.000000 -350.000000 53.000000 -4.000000 -2768.000000
20172650 -64.000000 -104.000000 16204.000000 -350.000000 64.000000 -21.000000 -2736.000000
20182588 -84.000000 -124.000000 16460.000000 -373.000000 49.000000 -19.000000 -2720.000000
20192426 0.000000 -100.000000 16620.000000 -394.000000 51.000000 -8.000000 -2768.000000
20202402 -12.000000 -12.000000 16512.000000 -402.000000 54.000000 10.000000 -2720.000000
20212297 -4.000000 -116.000000 16448.000000 -417.000000 56.000000 -7.000000 -2752.000000
20222296 -100.000000 -160.000000 16480.000000 -408.000000 58.000000 7.000000 -2768.000000
20232277 -160.000000 -68.000000 16456.000000 -398.000000 64.000000 252.000000 -2752.000000
20242241 -140.000000 -184.000000 16620.000000 -373.000000 52.000000 -24.000000 -2768.000000
20252196 -128.000000 -100.000000 16572.000000 -405.000000 85.000000 10.000000 -2752.000000
20262155 -72.000000 -40.000000 16528.000000 -398.000000 32.000000 2.000000 -2752.000000
20272151 -116.000000 -92.000000 16408.000000 -400.000000 91.000000 -12.000000 -2768.000000
20282090 -128.000000 -80.000000 16480.000000 -425.000000 96.000000 -244.000000 -2752.000000
20291920 -40.000000 -228.000000 16520.000000 -368.000000 63.000000 18.000000 -2736.000000
20301891 -116.000000 -60.000000 16216.000000 -391.000000 45.000000 -6.000000 -2720.000000
20311861 -136.000000 -32.000000 16340.000000 -418.000000 68.000000 -14.000000 -2736.000000
20321837 -92.000000 -136.000000 16472.000000 -444.000000 85.000000 -25.000000 -2752.000000
20331810 -48.000000 -20.000000 16420.000000 -426.000000 72.000000 -29.000000 -2736.000000
20341765 -60.000000 -128.000000 16472.000000 -427.000000 43.000000 -14.000000 -2736.000000
20351719 -60.000000 -160.000000 16424.000000 -433.000000 81.000000 -256.000000 -2752.000000
20361680 -84.000000 -60.000000 16512.000000 -409.000000 82.000000 -36.000000 -2768.000000
20371585 -72.000000 -180.000000 16600.000000 -457.000000 138.000000 -253.000000 -2736.000000
20381461 -108.000000 0.000000 16284.000000 -423.000000 129.000000 253.000000 -2768.000000
20391285 -16.000000 -160.000000 16448.000000 -430.000000 132.000000 0.000000 -2752.000000
20401249 -68.000000 -64.000000 16388.000000 -439.000000 125.000000 -9.000000 -2768.000000
20411221 -116.000000 -176.000000 16172.000000 -441.000000 85.000000 1.000000 -2752.000000
20421177 -252.000000 -208.000000 16628.000000 -432.000000 107.000000 -14.000000 -2752.000000
20431144 -72.000000 -104.000000 16532.000000 -386.000000 76.000000 18.000000 -2736.000000
20441095 -84.000000 -116.000000 16332.000000 -383.000000 56.000000 -2.000000 -2752.000000
20451399 -116.000000 -112.000000 16256.000000 -374.000000 45.000000 -26.000000 -2736.000000
20461387 -60.000000 -112.000000 16528.000000 -361.000000 39.000000 -15.000000 -2752.000000
20471365 -112.000000 -68.000000 16632.000000 -362.000000 62.000000 8.000000 -2768.000000
20481385 244.000000 -132.000000 16444.000000 -368.000000 52.000000 -24.000000 -2784.000000
20491199 -92.000000 -156.000000 16476.000000 -394.000000 102.000000 -6.000000 -2752.000000
20501175 224.000000 -120.000000 16372.000000 -415.000000 101.000000 -14.000000 -2752.000000
20511149 -184.000000 -180.000000 16588.000000 -428.000000 87.000000 -1.000000 -2752.000000
20521123 -116.000000 -92.000000 16600.000000 -414.000000 50.000000 -250.000000 -2784.000000
20531097 -72.000000 -212.000000 16180.000000 -357.000000 26.000000 7.000000 -2768.000000
20541061 -28.000000 -108.000000 16504.000000 -349.000000 19.000000 -10.000000 -2752.000000
20551024 -104.000000 -40.000000 16412.000000 -334.000000 18.000000 -23.000000 -2736.000000
20561012 -60.000000 -104.000000 16464.000000 -367.000000 68.000000 7.000000 -2720.000000
20570977 -108.000000 -184.000000 16368.000000 -372.000000 82.000000 -256.000000 -2752.000000
20580914 -100.000000 -100.000000 16560.000000 -358.000000 78.000000 -243.000000 -2736.000000
20590818 -192.000000 -32.000000 16448.000000 -373.000000 97.000000 -1.000000 -2736.000000
20600791 -140.000000 -32.000000 16620.000000 -340.000000 30.000000 -25.000000 -2752.000000
20610776 -52.000000 -124.000000 16532.000000 -356.000000 68.000000 -24.000000 -2752.000000
20620738 -120.000000 -116.000000 16396.000000 -367.000000 43.000000 10.000000 -2768.000000
20630672 -76.000000 -180.000000 16448.000000 -364.000000 20.000000 253.000000 -2752.000000
20640470 -92.000000 -36.000000 16532.000000 -398.000000 59.000000 -15.000000 -2768.000000
20650449 -16.000000 -124.000000 16140.000000 -374.000000 58.000000 251.000000 -2720.000000
20660431 -80.000000 -60.000000 16564.000000 -375.000000 52.000000 10.000000 -2736.000000
20670428 -16.000000 216.000000 16432.000000 -348.000000 7.000000 -22.000000 -2752.000000
20680407 -64.000000 -56.000000 16364.000000 -314.000000 43.000000 -13.000000 -2736.000000
20690248 -108.000000 -148.000000 16396.000000 -347.000000 43.000000 -6.000000 -2752.000000
20700220 -76.000000 -84.000000 16444.000000 -332.000000 55.000000 -9.000000 -2736.000000
20710194 -68.000000 -104.000000 16436.000000 -361.000000 72.000000 -3.000000 -2752.000000
20720155 -120.000000 -116.000000 16372.000000 -400.000000 80.000000 -3.000000 -2768.000000
20730120 -60.000000 -136.000000 16488.000000 -380.000000 58.000000 -11.000000 -2752.000000
20740079 -88.000000 -72.000000 16392.000000 -380.000000 40.000000 -12.000000 -2784.000000
20750029 -44.000000 -180.000000 16128.000000 -389.000000 41.000000 242.000000 -2752.000000
20759982 -156.000000 -136.000000 16328.000000 -398.000000 65.000000 -1.000000 -2768.000000
20769985 -80.000000 -176.000000 16524.000000 -409.000000 33.000000 -7.000000 -2752.000000
20779954 -40.000000 -140.000000 16412.000000 -398.000000 89.000000 -7.000000 -2768.000000
20789760 -40.000000 -108.000000 16440.000000 -416.000000 55.000000 -254.000000 -2736.000000
20799562 -52.000000 -144.000000 16500.000000 -431.000000 71.000000 -10.000000 -2752.000000
20809546 -256.000000 -132.000000 16176.000000 -423.000000 86.000000 2.000000 -2800.000000
20819503 -116.000000 -76.000000 16372.000000 -404.000000 55.000000 -4.000000 -2720.000000
20829474 -124.000000 -240.000000 16608.000000 -365.000000 56.000000 -16.000000 -2752.000000
20839443 -124.000000 -4.000000 16504.000000 -329.000000 14.000000 -7.000000 -2800.000000
20849400 -140.000000 -264.000000 16328.000000 -287.000000 28.000000 -18.000000 -2752.000000
20859388 -40.000000 -204.000000 16476.000000 -290.000000 21.000000 -3.000000 -2768.000000
20869363 -84.000000 -68.000000 16408.000000 -312.000000 65.000000 -9.000000 -2752.000000
20879329 -108.000000 8.000000 16436.000000 -346.000000 111.000000 -245.000000 -2752.000000
20889093 -60.000000 -128.000000 16372.000000 -400.000000 116.000000 11.000000 -2736.000000
20899342 -128.000000 -152.000000 16428.000000 -386.000000 94.000000 -7.000000 -2752.000000
20909304 -96.000000 -92.000000 16516.000000 -401.000000 57.000000 -9.000000 -2736.000000
20919264 -84.000000 -152.000000 16636.000000 -394.000000 20.000000 -255.000000 -2752.000000
20929265 -8.000000 -124.000000 16356.000000 -400.000000 -12.000000 -10.000000 -2736.000000
20939208 -116.000000 -112.000000 16388.000000 -397.000000 33.000000 -2.000000 -2736.000000
20949173 -236.000000 -60.000000 16468.000000 -422.000000 41.000000 -3.000000 -2752.000000
20959123 -96.000000 -84.000000 16564.000000 -396.000000 42.000000 255.000000 -2736.000000
20969095 -64.000000 -72.000000 16156.000000 -373.000000 55.000000 7.000000 -2736.000000
20979051 -144.000000 -68.000000 16528.000000 -325.000000 45.000000 12.000000 -2784.000000
20988896 -100.000000 -32.000000 16484.000000 -331.000000 60.000000 -249.000000 -2720.000000
20998872 -16.000000 -76.000000 16368.000000 -333.000000 55.000000 -18.000000 -2752.000000
21008680 -132.000000 -88.000000 16568.000000 -381.000000 81.000000 255.000000 -2720.000000
21018673 -116.000000 -144.000000 16428.000000 -413.000000 52.000000 4.000000 -2736.000000
21028642 -100.000000 -164.000000 16584.000000 -415.000000 61.000000 -15.000000 -2720.000000
21038611 -84.000000 -112.000000 16444.000000 -426.000000 41.000000 -13.000000 -2736.000000
21048583 -132.000000 -152.000000 16544.000000 -390.000000 -255.000000 -3.000000 -2736.000000
21058562 -156.000000 -16.000000 16316.000000 -380.000000 8.000000 -8.000000 -2784.000000
21068570 -20.000000 -160.000000 16352.000000 -353.000000 57.000000 -11.000000 -2736.000000
21078546 -40.000000 -44.000000 16388.000000 -348.000000 60.000000 7.000000 -2720.000000
21088382 -204.000000 -56.000000 16412.000000 -366.000000 91.000000 255.000000 -2752.000000
21098342 -24.000000 -80.000000 16240.000000 -351.000000 67.000000 28.000000 -2768.000000
21108309 -112.000000 -52.000000 16288.000000 -328.000000 40.000000 25.000000 -2736.000000
21118282 -156.000000 -192.000000 16572.000000 -350.000000 66.000000 247.000000 -2752.000000
21128255 -108.000000 -100.000000 16368.000000 -354.000000 48.000000 -20.000000 -2800.000000
21138029 -56.000000 -148.000000 16488.000000 -394.000000 23.000000 -6.000000 -2752.000000
21147983 -100.000000 -164.000000 16616.000000 -398.000000 31.000000 -8.000000 -2752.000000
21157965 -156.000000 -88.000000 16180.000000 -455.000000 48.000000 -36.000000 -2752.000000
21167928 -244.000000 -200.000000 16480.000000 -468.000000 76.000000 -250.000000 -2752.000000
21177911 4.000000 -84.000000 16424.000000 -433.000000 61.000000 -18.000000 -2736.000000
21187764 -136.000000 -220.000000 16140.000000 -414.000000 28.000000 -5.000000 -2768.000000
21197798 -48.000000 -228.000000 16348.000000 -411.000000 59.000000 254.000000 -2720.000000
21207763 -68.000000 -76.000000 16372.000000 -404.000000 41.000000 14.000000 -2736.000000
21217549 -72.000000 -232.000000 16504.000000 -357.000000 32.000000 13.000000 -2752.000000
21227505 -144.000000 -180.000000 16320.000000 -347.000000 29.000000 -248.000000 -2736.000000
21237490 -172.000000 -108.000000 16420.000000 -349.000000 39.000000 5.000000 -2752.000000
21247457 224.000000 -148.000000 16424.000000 -368.000000 62.000000 -1.000000 -2768.000000
21257256 152.000000 -108.000000 16424.000000 -410.000000 61.000000 24.000000 -2752.000000
21267206 -76.000000 -48.000000 16392.000000 -393.000000 20.000000 250.000000 -2768.000000
21277164 -40.000000 -28.000000 16460.000000 -423.000000 42.000000 -3.000000 -2736.000000
21287049 -108.000000 -124.000000 16156.000000 -431.000000 31.000000 -13.000000 -2752.000000
21297096 -96.000000 -92.000000 16572.000000 -450.000000 35.000000 -252.000000 -2752.000000
21307071 -96.000000 -92.000000 16540.000000 -425.000000 43.000000 14.000000 -2720.000000
21317041 -36.000000 -100.000000 16472.000000 -402.000000 59.000000 29.000000 -2784.000000
21327014 -104.000000 -56.000000 16224.000000 -352.000000 28.000000 -6.000000 -2768.000000
21337038 -12.000000 -192.000000 16376.000000 -327.000000 30.000000 -8.000000 -2752.000000
21347266 -156.000000 -100.000000 16424.000000 -328.000000 27.000000 -16.000000 -2736.000000
21357272 -92.000000 -156.000000 16556.000000 -340.000000 44.000000 14.000000 -2752.000000
21367239 228.000000 -16.000000 16416.000000 -366.000000 72.000000 5.000000 -2768.000000
21377221 -124.000000 -180.000000 16372.000000 -406.000000 58.000000 248.000000 -2720.000000
21387006 -136.000000 -80.000000 16484.000000 -420.000000 85.000000 -5.000000 -2768.000000
21396955 -96.000000 -136.000000 16200.000000 -415.000000 66.000000 240.000000 -2720.000000
21406913 -116.000000 -88.000000 16192.000000 -421.000000 47.000000 250.000000 -2720.000000
21416887 -236.000000 -192.000000 16436.000000 -389.000000 5.000000 -249.000000 -2736.000000
21426698 -92.000000 -104.000000 16260.000000 -369.000000 37.000000 252.000000 -2768.000000
21436634 -76.000000 -168.000000 16400.000000 -359.000000 40.000000 8.000000 -2768.000000
21446606 -92.000000 -244.000000 16392.000000 -357.000000 32.000000 16.000000 -2752.000000
21456565 -4.000000 -172.000000 16472.000000 -319.000000 48.000000 8.000000 -2800.000000
21466535 -136.000000 -88.000000 16528.000000 -354.000000 62.000000 2.000000 -2736.000000
21476489 -32.000000 -180.000000 16432.000000 -387.000000 62.000000 -250.000000 -2720.000000
21486410 -80.000000 -176.000000 16448.000000 -407.000000 59.000000 -14.000000 -2752.000000
21496402 -224.000000 -132.000000 16444.000000 -402.000000 43.000000 -14.000000 -2736.000000
21506373 -20.000000 -128.000000 16488.000000 -380.000000 24.000000 252.000000 -2720.000000
21516333 -28.000000 -68.000000 16452.000000 -351.000000 7.000000 -21.000000 -2752.000000
21526335 -72.000000 -128.000000 16440.000000 -354.000000 251.000000 6.000000 -2752.000000
21536298 -160.000000 -220.000000 16460.000000 -384.000000 34.000000 -253.000000 -2720.000000
21546309 -120.000000 -184.000000 16504.000000 -376.000000 59.000000 24.000000 -2752.000000
21556317 -116.000000 -68.000000 16532.000000 -411.000000 92.000000 -9.000000 -2736.000000
21566324 -80.000000 -196.000000 16408.000000 -387.000000 76.000000 6.000000 -2752.000000
21576339 -48.000000 -92.000000 16332.000000 -379.000000 48.000000 6.000000 -2736.000000
21586298 -164.000000 -148.000000 16568.000000 -343.000000 40.000000 12.000000 -2752.000000
21596225 -248.000000 -76.000000 16192.000000 -340.000000 251.000000 -15.000000 -2752.000000
21606205 -44.000000 -88.000000 16220.000000 -333.000000 -23.000000 250.000000 -2752.000000
21616192 136.000000 -220.000000 16460.000000 -353.000000 46.000000 246.000000 -2752.000000
21626162 -120.000000 -132.000000 16568.000000 -404.000000 64.000000 231.000000 -2752.000000
21636006 192.000000 -16.000000 16336.000000 -425.000000 91.000000 -253.000000 -2720.000000
21645939 -164.000000 -136.000000 16420.000000 -399.000000 19.000000 252.000000 -2768.000000
21655925 -116.000000 -148.000000 16240.000000 -348.000000 -249.000000 4.000000 -2752.000000
21665912 -80.000000 -64.000000 16416.000000 -330.000000 242.000000 -239.000000 -2752.000000
21675888 -32.000000 -8.000000 16392.000000 -320.000000 -45.000000 -8.000000 -2736.000000
21685840 -92.000000 -72.000000 16488.000000 -320.000000 -33.000000 -5.000000 -2752.000000
21695748 -92.000000 -216.000000 16308.000000 -351.000000 36.000000 16.000000 -2720.000000
21705712 -56.000000 -180.000000 16432.000000 -352.000000 46.000000 6.000000 -2736.000000
21715690 -244.000000 -24.000000 16132.000000 -338.000000 6.000000 249.000000 -2752.000000
21725647 -92.000000 -120.000000 16396.000000 -328.000000 22.000000 14.000000 -2752.000000
21735633 -16.000000 -64.000000 16168.000000 -313.000000 12.000000 4.000000 -2768.000000
21745594 -116.000000 -88.000000 16576.000000 -350.000000 41.000000 -12.000000 -2752.000000
21755550 -56.000000 -104.000000 16180.000000 -356.000000 -251.000000 249.000000 -2768.000000
21765512 -8.000000 -132.000000 16316.000000 -345.000000 23.000000 -6.000000 -2768.000000
21775477 -32.000000 -88.000000 16488.000000 -279.000000 -1.000000 7.000000 -2720.000000
21785436 -116.000000 -104.000000 16292.000000 -251.000000 -64.000000 5.000000 -2736.000000
21795332 -104.000000 -148.000000 16340.000000 -207.000000 -87.000000 4.000000 -2736.000000
21805619 -192.000000 -88.000000 16604.000000 -229.000000 -94.000000 19.000000 -2752.000000
21815593 -44.000000 52.000000 16480.000000 -154.000000 -107.000000 4.000000 -2800.000000
21825551 -148.000000 -116.000000 16480.000000 -200.000000 -149.000000 246.000000 -2784.000000
21835511 -404.000000 -496.000000 16336.000000 -318.000000 -73.000000 252.000000 -2720.000000
21845351 188.000000 -152.000000 16500.000000 -315.000000 17.000000 -141.000000 -2752.000000
21855262 760.000000 8.000000 15980.000000 -206.000000 -379.000000 -59.000000 -2752.000000
21865266 -452.000000 -500.000000 17108.000000 -274.000000 -300.000000 -93.000000 -2736.000000
21875224 12.000000 -240.000000 16328.000000 -726.000000 336.000000 15.000000 -2720.000000
21885060 144.000000 -48.000000 16104.000000 -330.000000 112.000000 334.000000 -2784.000000
21895016 -348.000000 188.000000 16324.000000 95.000000 -657.000000 -26.000000 -2720.000000
21904978 52.000000 -88.000000 16420.000000 -157.000000 -558.000000 -45.000000 -2768.000000
21914961 -136.000000 -64.000000 16840.000000 -331.000000 -511.000000 -82.000000 -2752.000000
21924940 100.000000 -184.000000 16020.000000 -130.000000 -55.000000 -28.000000 -2768.000000
21934935 4.000000 -196.000000 16628.000000 -377.000000 136.000000 48.000000 -2720.000000
21944904 -44.000000 64.000000 16360.000000 -1011.000000 397.000000 25.000000 -2720.000000
21954912 -72.000000 -4.000000 16316.000000 -467.000000 276.000000 52.000000 -2784.000000
21964920 -140.000000 -116.000000 16216.000000 -415.000000 211.000000 17.000000 -2736.000000
21974769 -96.000000 -100.000000 16456.000000 -372.000000 -62.000000 -32.000000 -2736.000000
21984675 -36.000000 -96.000000 16576.000000 -332.000000 106.000000 2.000000 -2736.000000
21994586 64.000000 -232.000000 16408.000000 -456.000000 229.000000 -30.000000 -2736.000000
22004562 -68.000000 -168.000000 16480.000000 -534.000000 207.000000 -2.000000 -2752.000000
22014541 -72.000000 -228.000000 16372.000000 -484.000000 149.000000 14.000000 -2736.000000
22024518 -60.000000 -84.000000 16444.000000 -438.000000 23.000000 -13.000000 -2736.000000
22034497 240.000000 -48.000000 16360.000000 -297.000000 -75.000000 -40.000000 -2752.000000
22044466 -56.000000 -76.000000 16412.000000 -234.000000 -43.000000 -9.000000 -2736.000000
22054327 -124.000000 -148.000000 16452.000000 -342.000000 -89.000000 -253.000000 -2768.000000
22064334 92.000000 -180.000000 16360.000000 -374.000000 30.000000 -11.000000 -2752.000000
22074327 -12.000000 -68.000000 16536.000000 -410.000000 111.000000 -15.000000 -2736.000000
22084295 -40.000000 -60.000000 16612.000000 -439.000000 117.000000 -11.000000 -2720.000000
22094280 -12.000000 -108.000000 16232.000000 -393.000000 55.000000 -10.000000 -2736.000000
22104247 28.000000 -72.000000 16136.000000 -382.000000 29.000000 -8.000000 -2736.000000
22114210 28.000000 -132.000000 16628.000000 -410.000000 -6.000000 4.000000 -2752.000000
22124206 28.000000 -108.000000 16388.000000 -426.000000 26.000000 -8.000000 -2768.000000
22134080 -20.000000 -176.000000 16440.000000 -434.000000 92.000000 4.000000 -2736.000000
22143956 204.000000 -128.000000 16548.000000 -462.000000 98.000000 -2.000000 -2768.000000
22153919 -20.000000 -108.000000 16448.000000 -455.000000 128.000000 -14.000000 -2752.000000
22163880 32.000000 -128.000000 16316.000000 -377.000000 111.000000 -54.000000 -2752.000000
22173846 228.000000 -128.000000 16340.000000 -370.000000 39.000000 1.000000 -2704.000000
22183815 -48.000000 -100.000000 16364.000000 -407.000000 125.000000 -20.000000 -2720.000000
22193731 8.000000 -100.000000 16408.000000 -379.000000 119.000000 253.000000 -2752.000000
22203717 -88.000000 -4.000000 16348.000000 -457.000000 143.000000 -252.000000 -2768.000000
22213683 -248.000000 -88.000000 16140.000000 -470.000000 157.000000 -7.000000 -2784.000000
22223652 32.000000 -128.000000 16356.000000 -508.000000 169.000000 -26.000000 -2736.000000
22233616 -60.000000 -176.000000 16492.000000 -508.000000 156.000000 -11.000000 -2768.000000
22243577 -4.000000 -156.000000 16312.000000 -757.000000 7.000000 7.000000 -2752.000000
22253804 -32.000000 -36.000000 16832.000000 -345.000000 190.000000 8.000000 -2704.000000
22263679 -68.000000 -100.000000 16356.000000 -437.000000 29.000000 -34.000000 -2736.000000
22273634 -76.000000 -108.000000 16476.000000 -375.000000 254.000000 -43.000000 -2736.000000
22283618 -116.000000 -132.000000 16364.000000 -569.000000 186.000000 -72.000000 -2752.000000
22293487 -92.000000 -176.000000 16456.000000 -631.000000 388.000000 -33.000000 -2720.000000
22303373 -224.000000 -176.000000 16496.000000 -662.000000 520.000000 70.000000 -2752.000000
22313362 -152.000000 -156.000000 16356.000000 -629.000000 256.000000 37.000000 -2736.000000
22323328 -24.000000 -120.000000 16336.000000 -464.000000 251.000000 -29.000000 -2720.000000
22333287 -4.000000 -72.000000 16440.000000 -505.000000 -133.000000 -17.000000 -2736.000000
22343244 -88.000000 -208.000000 16148.000000 -265.000000 -105.000000 -28.000000 -2768.000000
22353224 -168.000000 -116.000000 16204.000000 -292.000000 -24.000000 -256.000000 -2752.000000
22363189 -84.000000 -152.000000 16552.000000 -346.000000 86.000000 -6.000000 -2768.000000
22373165 -192.000000 -204.000000 16656.000000 -459.000000 237.000000 20.000000 -2752.000000
22383052 208.000000 -96.000000 16348.000000 -542.000000 271.000000 -12.000000 -2784.000000
22392915 -8.000000 -60.000000 16352.000000 -567.000000 199.000000 2.000000 -2752.000000
22402884 -108.000000 -228.000000 16572.000000 -564.000000 145.000000 -15.000000 -2720.000000
22412863 -76.000000 -120.000000 16420.000000 -482.000000 96.000000 -21.000000 -2768.000000
22422824 -40.000000 -184.000000 16276.000000 -439.000000 20.000000 -29.000000 -2752.000000
22432829 -112.000000 -156.000000 16636.000000 -305.000000 -4.000000 247.000000 -2768.000000
22442782 -160.000000 -236.000000 16604.000000 -336.000000 -251.000000 -14.000000 -2752.000000
22452720 212.000000 -128.000000 16384.000000 -299.000000 87.000000 24.000000 -2752.000000
22462580 -96.000000 -108.000000 16128.000000 -336.000000 81.000000 -244.000000 -2720.000000
22472487 -8.000000 -168.000000 16356.000000 -362.000000 116.000000 8.000000 -2752.000000
22482345 -96.000000 -132.000000 16352.000000 -415.000000 121.000000 10.000000 -2752.000000
22492300 -32.000000 -64.000000 16172.000000 -440.000000 137.000000 -2.000000 -2736.000000
22502365 -116.000000 -40.000000 16400.000000 -468.000000 62.000000 9.000000 -2752.000000
22512229 -60.000000 -44.000000 16388.000000 -423.000000 238.000000 250.000000 -2752.000000
22522123 -172.000000 -184.000000 16248.000000 -385.000000 242.000000 -32.000000 -2768.000000
22531971 -36.000000 -168.000000 16444.000000 -360.000000 -28.000000 -12.000000 -2752.000000
22541950 -144.000000 -24.000000 16572.000000 -323.000000 -243.000000 -16.000000 -2768.000000
22551904 -128.000000 -160.000000 16368.000000 -367.000000 45.000000 0.000000 -2752.000000
22561875 -156.000000 -96.000000 16412.000000 -378.000000 100.000000 15.000000 -2784.000000
22571837 -12.000000 -52.000000 16428.000000 -367.000000 103.000000 31.000000 -2736.000000
22581821 -160.000000 -124.000000 16404.000000 -363.000000 93.000000 7.000000 -2752.000000
22591751 -72.000000 -124.000000 16400.000000 -349.000000 52.000000 6.000000 -2720.000000
22601725 -108.000000 -88.000000 16612.000000 -346.000000 -17.000000 17.000000 -2768.000000
22611690 -116.000000 -108.000000 16136.000000 -347.000000 -13.000000 15.000000 -2752.000000
22621647 -60.000000 -152.000000 16456.000000 -344.000000 6.000000 -10.000000 -2704.000000
22631556 -36.000000 -172.000000 16416.000000 -398.000000 36.000000 6.000000 -2736.000000
22641426 -80.000000 -132.000000 16624.000000 -425.000000 66.000000 -4.000000 -2736.000000
22651388 -104.000000 -72.000000 16472.000000 -407.000000 115.000000 -7.000000 -2784.000000
22661400 -40.000000 -120.000000 16428.000000 -416.000000 91.000000 -13.000000 -2768.000000
22671409 -52.000000 -160.000000 16436.000000 -409.000000 79.000000 -253.000000 -2752.000000
22681322 -84.000000 -216.000000 16364.000000 -418.000000 99.000000 -33.000000 -2752.000000
22691168 -32.000000 152.000000 16384.000000 -442.000000 88.000000 -24.000000 -2720.000000
22701449 -60.000000 -192.000000 16448.000000 -462.000000 85.000000 -28.000000 -2768.000000
22711432 -64.000000 -196.000000 16604.000000 -454.000000 99.000000 -1.000000 -2752.000000
22721418 -156.000000 -224.000000 16496.000000 -447.000000 106.000000 0.000000 -2768.000000
22731394 -188.000000 -144.000000 16180.000000 -405.000000 86.000000 -24.000000 -2720.000000
22741414 -160.000000 -140.000000 16440.000000 -418.000000 46.000000 -248.000000 -2768.000000
22751367 -104.000000 -148.000000 16336.000000 -352.000000 -253.000000 -19.000000 -2752.000000
22761379 -132.000000 -212.000000 16428.000000 -278.000000 -256.000000 7.000000 -2736.000000
22771383 -136.000000 -108.000000 16428.000000 -13.000000 -25.000000 -13.000000 -2752.000000
22781410 -188.000000 -136.000000 16400.000000 -303.000000 20.000000 24.000000 -2736.000000
22791470 -100.000000 -180.000000 16544.000000 -371.000000 73.000000 -5.000000 -2720.000000
22801448 -100.000000 -52.000000 16140.000000 -445.000000 122.000000 9.000000 -2736.000000
22811414 -132.000000 -220.000000 16216.000000 -476.000000 160.000000 4.000000 -2720.000000
22821368 -100.000000 -236.000000 16472.000000 -420.000000 84.000000 1.000000 -2768.000000
22831319 -88.000000 -184.000000 16272.000000 -380.000000 50.000000 -30.000000 -2736.000000
22841289 -68.000000 -176.000000 16408.000000 -369.000000 -18.000000 -7.000000 -2752.000000
22851249 -44.000000 -188.000000 16144.000000 -347.000000 -23.000000 -13.000000 -2736.000000
22861212 -156.000000 -136.000000 16156.000000 -367.000000 28.000000 246.000000 -2768.000000
22871169 -128.000000 -176.000000 16392.000000 -415.000000 80.000000 -17.000000 -2752.000000
22881103 -76.000000 -108.000000 16400.000000 -422.000000 110.000000 -4.000000 -2720.000000
22890861 -36.000000 -200.000000 16488.000000 -426.000000 69.000000 -10.000000 -2784.000000
22900790 -132.000000 -144.000000 16628.000000 -389.000000 71.000000 -4.000000 -2720.000000
22910789 -120.000000 -184.000000 16496.000000 -391.000000 76.000000 -12.000000 -2736.000000
22920775 -48.000000 -140.000000 16336.000000 -388.000000 78.000000 -8.000000 -2720.000000
22930745 8.000000 -168.000000 16348.000000 -412.000000 51.000000 -254.000000 -2736.000000
22940715 -64.000000 -196.000000 16404.000000 -433.000000 87.000000 4.000000 -2736.000000
22950683 -140.000000 -136.000000 16428.000000 -395.000000 65.000000 10.000000 -2752.000000
22960699 -148.000000 -168.000000 16272.000000 -386.000000 43.000000 -7.000000 -2736.000000
22970669 -132.000000 -104.000000 16472.000000 -362.000000 46.000000 -242.000000 -2752.000000
22980692 -180.000000 -212.000000 16620.000000 -351.000000 -22.000000 22.000000 -2736.000000
22990761 -104.000000 -252.000000 16484.000000 -376.000000 31.000000 14.000000 -2752.000000
23000736 -124.000000 -120.000000 16352.000000 -382.000000 21.000000 -15.000000 -2736.000000
23010716 -48.000000 -144.000000 16388.000000 -378.000000 16.000000 -14.000000 -2752.000000
23020669 -44.000000 -144.000000 16416.000000 -413.000000 52.000000 2.000000 -2768.000000
23030681 -80.000000 -176.000000 16556.000000 -419.000000 103.000000 249.000000 -2720.000000
23040678 -140.000000 -116.000000 16352.000000 -384.000000 77.000000 3.000000 -2736.000000
23050676 -84.000000 -116.000000 16508.000000 -379.000000 61.000000 -10.000000 -2720.000000
23060677 -124.000000 -96.000000 16604.000000 -370.000000 44.000000 253.000000 -2736.000000
23070691 -80.000000 -104.000000 16284.000000 -342.000000 33.000000 -9.000000 -2784.000000
23080672 -96.000000 -148.000000 16436.000000 -369.000000 25.000000 254.000000 -2736.000000
23090752 -120.000000 -284.000000 16604.000000 -414.000000 61.000000 14.000000 -2736.000000
23100682 8.000000 -200.000000 16396.000000 -398.000000 68.000000 13.000000 -2736.000000
23110498 -100.000000 -244.000000 16400.000000 -404.000000 56.000000 24.000000 -2736.000000
23120470 -92.000000 -136.000000 16440.000000 -360.000000 45.000000 -25.000000 -2736.000000
23130415 -124.000000 -112.000000 16144.000000 -341.000000 -15.000000 -12.000000 -2784.000000
23140223 -152.000000 -60.000000 16436.000000 -336.000000 255.000000 6.000000 -2736.000000
23150484 -100.000000 -156.000000 16388.000000 -351.000000 25.000000 -19.000000 -2720.000000
23160475 -64.000000 -68.000000 16508.000000 -411.000000 67.000000 -4.000000 -2736.000000
23170442 -184.000000 -120.000000 16432.000000 -422.000000 101.000000 29.000000 -2720.000000
23180426 -84.000000 -248.000000 16504.000000 -406.000000 59.000000 -8.000000 -2736.000000
23190382 -184.000000 -176.000000 16336.000000 -379.000000 53.000000 -2.000000 -2752.000000
23200345 -84.000000 -88.000000 16396.000000 -360.000000 26.000000 -18.000000 -2752.000000
23210337 164.000000 -212.000000 16428.000000 -373.000000 26.000000 -14.000000 -2768.000000
23220285 -80.000000 -172.000000 16472.000000 -398.000000 69.000000 -10.000000 -2720.000000
23230238 -40.000000 -136.000000 16352.000000 -402.000000 110.000000 -254.000000 -2704.000000
23240206 -108.000000 -168.000000 16288.000000 -402.000000 58.000000 -34.000000 -2736.000000
23250181 -160.000000 -160.000000 16468.000000 -393.000000 68.000000 -244.000000 -2752.000000
23260152 -100.000000 -124.000000 16552.000000 -374.000000 45.000000 -12.000000 -2768.000000
23270132 -92.000000 -176.000000 16392.000000 -352.000000 62.000000 247.000000 -2720.000000
23280094 -100.000000 -108.000000 16404.000000 -363.000000 47.000000 234.000000 -2752.000000
23290028 -80.000000 -184.000000 16512.000000 -352.000000 62.000000 -10.000000 -2736.000000
23299808 -116.000000 -204.000000 16256.000000 -397.000000 73.000000 12.000000 -2752.000000
23309758 -100.000000 -124.000000 16632.000000 -387.000000 49.000000 -14.000000 -2752.000000
23319529 -72.000000 -168.000000 16416.000000 -396.000000 29.000000 6.000000 -2784.000000
23329510 -128.000000 -220.000000 16492.000000 -401.000000 57.000000 -14.000000 -2752.000000
23339496 144.000000 -88.000000 16428.000000 -390.000000 29.000000 3.000000 -2752.000000
23349503 -128.000000 -224.000000 16172.000000 -378.000000 66.000000 -3.000000 -2736.000000
23359467 -156.000000 -72.000000 16416.000000 -361.000000 28.000000 -11.000000 -2736.000000
23369444 24.000000 -240.000000 16304.000000 -337.000000 52.000000 254.000000 -2752.000000
23379401 -88.000000 -164.000000 16348.000000 -370.000000 49.000000 250.000000 -2736.000000
23389174 -180.000000 -128.000000 16524.000000 -364.000000 73.000000 -19.000000 -2752.000000
23398945 -36.000000 -196.000000 16468.000000 -392.000000 60.000000 -13.000000 -2736.000000
23408894 -180.000000 -152.000000 16468.000000 -367.000000 53.000000 -256.000000 -2720.000000
23418825 -20.000000 -128.000000 16360.000000 -380.000000 85.000000 -10.000000 -2752.000000
23428760 -144.000000 -128.000000 16344.000000 -392.000000 73.000000 -4.000000 -2768.000000
23438692 -76.000000 -168.000000 16452.000000 -394.000000 73.000000 3.000000 -2736.000000
23448626 -64.000000 -172.000000 16372.000000 -389.000000 73.000000 7.000000 -2752.000000
23458593 -12.000000 -148.000000 16520.000000 -386.000000 46.000000 10.000000 -2720.000000
23468572 -36.000000 -216.000000 16616.000000 -385.000000 49.000000 -251.000000 -2736.000000
23478576 -80.000000 -196.000000 16360.000000 -401.000000 57.000000 6.000000 -2720.000000
23488490 -196.000000 8.000000 16576.000000 -379.000000 59.000000 -14.000000 -2720.000000
23498301 40.000000 -92.000000 16524.000000 -392.000000 33.000000 -248.000000 -2752.000000
23508264 -148.000000 -172.000000 16332.000000 -367.000000 16.000000 -14.000000 -2752.000000
23518225 -76.000000 -204.000000 16376.000000 -354.000000 -255.000000 -25.000000 -2720.000000
23528012 -140.000000 -128.000000 16200.000000 -356.000000 22.000000 -2.000000 -2768.000000
23537965 -32.000000 -168.000000 16252.000000 -396.000000 42.000000 251.000000 -2768.000000
23547943 -56.000000 -244.000000 16268.000000 -402.000000 13.000000 246.000000 -2720.000000
23557935 -216.000000 -100.000000 16340.000000 -367.000000 42.000000 251.000000 -2736.000000
23567900 -80.000000 -136.000000 16216.000000 -341.000000 12.000000 -22.000000 -2752.000000
23577869 -76.000000 -128.000000 16228.000000 -347.000000 -30.000000 -11.000000 -2736.000000
23587836 -112.000000 -512.000000 16372.000000 -361.000000 -22.000000 5.000000 -2736.000000
23597922 -120.000000 -128.000000 16196.000000 -348.000000 -251.000000 246.000000 -2736.000000
23607871 -148.000000 -176.000000 16404.000000 -403.000000 -15.000000 239.000000 -2752.000000
23617848 -160.000000 -228.000000 16312.000000 -372.000000 49.000000 20.000000 -2752.000000
23627805 -56.000000 -148.000000 16400.000000 -446.000000 124.000000 34.000000 -2768.000000
23637575 -52.000000 -84.000000 16488.000000 -445.000000 72.000000 253.000000 -2720.000000
23647518 -108.000000 -176.000000 16476.000000 -433.000000 56.000000 -17.000000 -2736.000000
23657502 -188.000000 -136.000000 16184.000000 -416.000000 94.000000 -6.000000 -2720.000000
23667474 -84.000000 -468.000000 16160.000000 -430.000000 127.000000 -246.000000 -2736.000000
23677449 -196.000000 -164.000000 16492.000000 -429.000000 128.000000 -6.000000 -2768.000000
23687429 -156.000000 -188.000000 16448.000000 -396.000000 90.000000 -6.000000 -2752.000000
23697235 -76.000000 -12.000000 16352.000000 -433.000000 43.000000 -24.000000 -2752.000000
23707185 -68.000000 -136.000000 16192.000000 -401.000000 -12.000000 -27.000000 -2752.000000
23717163 -124.000000 -124.000000 16568.000000 -379.000000 21.000000 -12.000000 -2704.000000
23727141 -124.000000 -224.000000 16268.000000 -449.000000 110.000000 255.000000 -2720.000000
23736948 -8.000000 -172.000000 16332.000000 -479.000000 167.000000 -15.000000 -2736.000000
23746884 -36.000000 -188.000000 16412.000000 -531.000000 111.000000 254.000000 -2752.000000
23756849 -68.000000 -176.000000 16456.000000 -434.000000 86.000000 -12.000000 -2752.000000
23766803 -32.000000 -44.000000 16296.000000 -368.000000 28.000000 -8.000000 -2736.000000
23776768 -224.000000 -180.000000 16564.000000 -324.000000 -33.000000 -16.000000 -2752.000000
23786751 -84.000000 -148.000000 16524.000000 -359.000000 45.000000 -253.000000 -2752.000000
23796568 -120.000000 -212.000000 16168.000000 -424.000000 96.000000 13.000000 -2752.000000
23806516 -112.000000 -184.000000 16620.000000 -429.000000 124.000000 13.000000 -2720.000000
23816496 -116.000000 -228.000000 16336.000000 -414.000000 116.000000 18.000000 -2736.000000
23826467 -100.000000 -140.000000 16480.000000 -429.000000 108.000000 9.000000 -2784.000000
23836437 -144.000000 -252.000000 16452.000000 -444.000000 107.000000 -29.000000 -2736.000000
23846413 -64.000000 -224.000000 16624.000000 -374.000000 43.000000 -2.000000 -2720.000000
23856384 -120.000000 -176.000000 16480.000000 -406.000000 56.000000 -6.000000 -2768.000000
23866359 -184.000000 -168.000000 16412.000000 -414.000000 53.000000 -12.000000 -2736.000000
23876338 -52.000000 -172.000000 16528.000000 -407.000000 50.000000 -21.000000 -2720.000000
23886283 -92.000000 -148.000000 16340.000000 -424.000000 49.000000 -19.000000 -2736.000000
23896079 -128.000000 -224.000000 16404.000000 -409.000000 89.000000 -48.000000 -2720.000000
23906006 -88.000000 -140.000000 16488.000000 -459.000000 55.000000 -44.000000 -2752.000000
23915982 -68.000000 -232.000000 16436.000000 -465.000000 60.000000 -38.000000 -2768.000000
23925936 -176.000000 -100.000000 16140.000000 -437.000000 21.000000 -4.000000 -2784.000000
23935887 -212.000000 -192.000000 16404.000000 -459.000000 60.000000 -11.000000 -2720.000000
23945703 240.000000 -200.000000 16188.000000 -411.000000 72.000000 5.000000 -2720.000000
23955726 -148.000000 -232.000000 16444.000000 -396.000000 69.000000 4.000000 -2736.000000
23965702 -12.000000 -156.000000 16164.000000 -366.000000 25.000000 5.000000 -2752.000000
23975669 -32.000000 -180.000000 16588.000000 -313.000000 -6.000000 -6.000000 -2736.000000
23985656 -56.000000 -116.000000 16396.000000 -294.000000 19.000000 -27.000000 -2720.000000
23995522 -72.000000 -32.000000 16352.000000 -404.000000 40.000000 0.000000 -2752.000000
24005416 -128.000000 -216.000000 16472.000000 -473.000000 114.000000 11.000000 -2752.000000
24015401 -100.000000 -144.000000 16436.000000 -482.000000 142.000000 -14.000000 -2768.000000
24025363 -160.000000 -144.000000 16504.000000 -502.000000 126.000000 -256.000000 -2768.000000
24035340 -176.000000 -468.000000 16344.000000 -466.000000 24.000000 -11.000000 -2752.000000
24045637 -200.000000 -256.000000 16436.000000 -411.000000 -234.000000 -18.000000 -2752.000000
24055464 -104.000000 -152.000000 16292.000000 -358.000000 -26.000000 -25.000000 -2736.000000
24065375 76.000000 -236.000000 16388.000000 -355.000000 49.000000 -34.000000 -2752.000000
24075359 -8.000000 -92.000000 16584.000000 -396.000000 126.000000 -16.000000 -2768.000000
24085339 -12.000000 -116.000000 16596.000000 -431.000000 145.000000 -4.000000 -2736.000000
24095199 -32.000000 -192.000000 16168.000000 -444.000000 187.000000 -14.000000 -2736.000000
24105108 -96.000000 -180.000000 16372.000000 -433.000000 213.000000 -252.000000 -2736.000000
24115076 -52.000000 -456.000000 16340.000000 -403.000000 174.000000 0.000000 -2752.000000
24125030 -184.000000 -196.000000 16420.000000 -402.000000 109.000000 -5.000000 -2768.000000
24134890 -172.000000 -212.000000 16312.000000 -365.000000 159.000000 -15.000000 -2768.000000
24144784 -216.000000 -164.000000 16480.000000 -372.000000 84.000000 -12.000000 -2768.000000
24154643 -136.000000 -212.000000 16428.000000 -417.000000 65.000000 -244.000000 -2768.000000
24164541 -128.000000 -472.000000 16456.000000 -462.000000 135.000000 -10.000000 -2736.000000
24174518 -88.000000 -144.000000 16452.000000 -446.000000 46.000000 -21.000000 -2752.000000
24184484 -100.000000 -284.000000 16408.000000 -390.000000 29.000000 -49.000000 -2752.000000
24194389 -240.000000 -8.000000 16384.000000 -331.000000 16.000000 -12.000000 -2704.000000
24204303 -156.000000 -308.000000 16624.000000 -358.000000 101.000000 -252.000000 -2736.000000
24214271 -144.000000 -296.000000 16396.000000 -362.000000 66.000000 -17.000000 -2752.000000
24224243 -92.000000 -196.000000 16216.000000 -380.000000 91.000000 0.000000 -2752.000000
24234231 -120.000000 -180.000000 16432.000000 -411.000000 114.000000 -4.000000 -2752.000000
24244195 -20.000000 -128.000000 16368.000000 -405.000000 150.000000 0.000000 -2752.000000
24254147 -200.000000 -92.000000 16400.000000 -355.000000 55.000000 -16.000000 -2736.000000
24264134 -132.000000 -216.000000 16132.000000 -439.000000 232.000000 240.000000 -2784.000000
24274102 -204.000000 -248.000000 16640.000000 -321.000000 -18.000000 4.000000 -2752.000000
24284092 16.000000 -268.000000 16372.000000 -346.000000 16.000000 -13.000000 -2768.000000
24293970 -116.000000 -172.000000 16492.000000 -314.000000 20.000000 10.000000 -2752.000000
24303846 -12.000000 -48.000000 16320.000000 -401.000000 44.000000 -2.000000 -2736.000000
24313820 -104.000000 -132.000000 16500.000000 -447.000000 5.000000 -3.000000 -2752.000000
24323777 -124.000000 -244.000000 16436.000000 -385.000000 45.000000 30.000000 -2736.000000
24333753 -92.000000 -172.000000 16144.000000 -380.000000 64.000000 4.000000 -2752.000000
24343712 -72.000000 -200.000000 16472.000000 -352.000000 76.000000 -15.000000 -2752.000000
24353651 -32.000000 -188.000000 16408.000000 -352.000000 61.000000 -247.000000 -2736.000000
24363512 -164.000000 -180.000000 16632.000000 -385.000000 35.000000 9.000000 -2736.000000
24373283 -92.000000 -216.000000 16380.000000 -355.000000 27.000000 -1.000000 -2784.000000
24383065 -140.000000 -240.000000 16384.000000 -360.000000 24.000000 243.000000 -2768.000000
24392911 -140.000000 -284.000000 16388.000000 -371.000000 21.000000 248.000000 -2736.000000
24402888 -152.000000 -216.000000 16528.000000 -363.000000 -16.000000 -17.000000 -2784.000000
24412871 -148.000000 -144.000000 16416.000000 -337.000000 -38.000000 -15.000000 -2752.000000
24422835 -136.000000 -224.000000 16624.000000 -356.000000 -53.000000 -21.000000 -2736.000000
24432822 -36.000000 -108.000000 16612.000000 -339.000000 -4.000000 6.000000 -2752.000000
24442776 -52.000000 -228.000000 16368.000000 -382.000000 76.000000 10.000000 -2704.000000
24452732 -80.000000 -16.000000 16144.000000 -412.000000 68.000000 253.000000 -2768.000000
24462705 -124.000000 -40.000000 16348.000000 -371.000000 90.000000 8.000000 -2752.000000
24472680 -204.000000 -192.000000 16436.000000 -365.000000 69.000000 -254.000000 -2736.000000
24482637 -144.000000 -8.000000 16364.000000 -358.000000 56.000000 8.000000 -2752.000000
24492909 -40.000000 -196.000000 16428.000000 -359.000000 10.000000 -254.000000 -2704.000000
24502743 -152.000000 -128.000000 16164.000000 -368.000000 14.000000 -10.000000 -2752.000000
24512733 244.000000 -216.000000 16128.000000 -383.000000 6.000000 10.000000 -2768.000000
24522690 -100.000000 -200.000000 16464.000000 -402.000000 7.000000 13.000000 -2752.000000
24532655 -60.000000 -192.000000 16232.000000 -360.000000 11.000000 -16.000000 -2736.000000
24542615 -72.000000 -204.000000 16528.000000 -388.000000 42.000000 -9.000000 -2720.000000
24552583 -144.000000 -212.000000 16280.000000 -362.000000 48.000000 7.000000 -2752.000000
24562571 -84.000000 -168.000000 16296.000000 -376.000000 42.000000 -1.000000 -2768.000000
24572468 -140.000000 -272.000000 16460.000000 -384.000000 45.000000 -23.000000 -2736.000000
24582335 -40.000000 -184.000000 16472.000000 -364.000000 72.000000 0.000000 -2736.000000
24592312 224.000000 -256.000000 16372.000000 -383.000000 48.000000 -17.000000 -2752.000000
24602192 -8.000000 -252.000000 16476.000000 -391.000000 12.000000 -5.000000 -2720.000000
24612170 -116.000000 -168.000000 16484.000000 -375.000000 44.000000 -6.000000 -2736.000000
24622148 -136.000000 -216.000000 16420.000000 -373.000000 41.000000 5.000000 -2720.000000
24632064 184.000000 -156.000000 16448.000000 -382.000000 34.000000 3.000000 -2752.000000
24641895 -8.000000 -184.000000 16548.000000 -379.000000 27.000000 0.000000 -2752.000000
24651855 -56.000000 -208.000000 16512.000000 -382.000000 24.000000 -19.000000 -2752.000000
24661819 -240.000000 -172.000000 16324.000000 -373.000000 46.000000 -6.000000 -2736.000000
24671781 -44.000000 -216.000000 16488.000000 -390.000000 31.000000 252.000000 -2720.000000
24681730 -48.000000 -68.000000 16416.000000 -389.000000 54.000000 248.000000 -2720.000000
24691705 -104.000000 -104.000000 16228.000000 -388.000000 95.000000 -252.000000 -2768.000000
24701531 -56.000000 -188.000000 16128.000000 -376.000000 67.000000 -17.000000 -2736.000000
24711515 -92.000000 -472.000000 16576.000000 -365.000000 49.000000 -3.000000 -2720.000000
24721486 -96.000000 -156.000000 16452.000000 -406.000000 69.000000 -251.000000 -2720.000000
24731451 -124.000000 -160.000000 16420.000000 -415.000000 67.000000 1.000000 -2768.000000
24741408 -72.000000 -256.000000 16456.000000 -410.000000 48.000000 -9.000000 -2752.000000
24751391 -124.000000 -140.000000 16356.000000 -389.000000 2.000000 -6.000000 -2768.000000
24761393 -204.000000 -180.000000 16328.000000 -380.000000 8.000000 -22.000000 -2752.000000
24771399 -192.000000 -160.000000 16364.000000 -378.000000 15.000000 -13.000000 -2752.000000
24781359 -108.000000 -260.000000 16524.000000 -386.000000 34.000000 -250.000000 -2768.000000
24791213 -96.000000 -216.000000 16536.000000 -401.000000 71.000000 15.000000 -2768.000000
24801040 -96.000000 -196.000000 16452.000000 -407.000000 105.000000 16.000000 -2752.000000
24811024 -128.000000 -180.000000 16160.000000 -381.000000 140.000000 -245.000000 -2752.000000
24820987 -124.000000 -12.000000 16376.000000 -373.000000 95.000000 9.000000 -2720.000000
24830963 -184.000000 -28.000000 16616.000000 -382.000000 1.000000 -253.000000 -2768.000000
24840918 -56.000000 -404.000000 16476.000000 -340.000000 -29.000000 -16.000000 -2752.000000
24850903 -172.000000 -140.000000 16500.000000 -367.000000 -8.000000 249.000000 -2768.000000
24860871 -144.000000 -96.000000 16424.000000 -402.000000 65.000000 -255.000000 -2736.000000
24870830 -68.000000 -252.000000 16440.000000 -439.000000 104.000000 250.000000 -2784.000000
24880751 -164.000000 -204.000000 16408.000000 -419.000000 108.000000 255.000000 -2736.000000
24890541 -160.000000 -480.000000 16404.000000 -378.000000 83.000000 -25.000000 -2720.000000
24900381 -72.000000 -264.000000 16464.000000 -323.000000 249.000000 -27.000000 -2720.000000
24910370 -188.000000 -160.000000 16416.000000 -329.000000 -19.000000 -254.000000 -2752.000000
24920327 -80.000000 -212.000000 16300.000000 -350.000000 45.000000 -15.000000 -2736.000000
24930294 -120.000000 -200.000000 16384.000000 -381.000000 57.000000 -256.000000 -2688.000000
24943220 -48.000000 -168.000000 16180.000000 -435.000000 34.000000 1.000000 -2720.000000
24953208 -188.000000 -228.000000 16448.000000 -415.000000 30.000000 -10.000000 -2736.000000
24963196 -232.000000 -220.000000 16424.000000 -394.000000 29.000000 -8.000000 -2752.000000
24973162 -244.000000 -492.000000 16600.000000 -369.000000 12.000000 248.000000 -2736.000000
24983128 -48.000000 -196.000000 16388.000000 -312.000000 248.000000 17.000000 -2752.000000
24993021 -64.000000 -168.000000 16380.000000 -320.000000 59.000000 -6.000000 -2752.000000
25002958 -160.000000 -140.000000 16512.000000 -347.000000 92.000000 -252.000000 -2768.000000
25012989 -120.000000 -456.000000 16424.000000 -366.000000 85.000000 13.000000 -2752.000000
25022965 -120.000000 -188.000000 16460.000000 -376.000000 83.000000 14.000000 -2768.000000
25032952 -88.000000 -488.000000 16436.000000 -300.000000 36.000000 0.000000 -2704.000000
25042905 -104.000000 -88.000000 16324.000000 -215.000000 -95.000000 -4.000000 -2752.000000
25052867 -96.000000 -200.000000 16548.000000 -144.000000 -188.000000 -5.000000 -2752.000000
25062847 -140.000000 -204.000000 16620.000000 -112.000000 -205.000000 -27.000000 -2752.000000
25072809 -124.000000 -184.000000 16512.000000 -136.000000 -123.000000 -34.000000 -2752.000000
25082845 -64.000000 -224.000000 16572.000000 -320.000000 21.000000 -21.000000 -2752.000000
25092812 -28.000000 -160.000000 16612.000000 -399.000000 170.000000 -13.000000 -2752.000000
25102650 -8.000000 -208.000000 16372.000000 -501.000000 192.000000 31.000000 -2752.000000
25112613 -132.000000 -140.000000 16300.000000 -360.000000 121.000000 255.000000 -2736.000000
25122575 -140.000000 -232.000000 16260.000000 -127.000000 -49.000000 -10.000000 -2768.000000
25132481 -156.000000 -184.000000 16396.000000 -124.000000 -129.000000 250.000000 -2752.000000
25142320 -84.000000 -364.000000 16424.000000 -148.000000 -139.000000 8.000000 -2736.000000
25152297 -44.000000 -128.000000 16508.000000 -141.000000 -112.000000 10.000000 -2752.000000
25162271 -136.000000 -332.000000 16464.000000 -59.000000 87.000000 57.000000 -2736.000000
25172240 -152.000000 -56.000000 16416.000000 -155.000000 162.000000 104.000000 -2752.000000
25182216 -132.000000 24.000000 16340.000000 -251.000000 -302.000000 -36.000000 -2784.000000
25192192 4.000000 4.000000 16168.000000 -297.000000 -100.000000 -1.000000 -2768.000000
25201960 -52.000000 -124.000000 16596.000000 -352.000000 12.000000 -22.000000 -2784.000000
25211803 -24.000000 -176.000000 16520.000000 -461.000000 59.000000 -7.000000 -2784.000000
25221772 -80.000000 -148.000000 16504.000000 -362.000000 171.000000 74.000000 -2768.000000
25231755 -124.000000 -220.000000 16468.000000 -365.000000 89.000000 36.000000 -2752.000000
25241708 -40.000000 -48.000000 16160.000000 -388.000000 22.000000 -32.000000 -2736.000000
25251674 -52.000000 -68.000000 16420.000000 -205.000000 -29.000000 -6.000000 -2768.000000
25261645 -52.000000 -136.000000 16500.000000 -4.000000 58.000000 -11.000000 -2720.000000
25271602 -28.000000 -188.000000 16320.000000 -299.000000 144.000000 12.000000 -2768.000000
25281572 -248.000000 -132.000000 16488.000000 -347.000000 185.000000 16.000000 -2752.000000
25291551 -12.000000 200.000000 16500.000000 -441.000000 66.000000 253.000000 -2752.000000
25301487 -36.000000 -224.000000 16516.000000 -425.000000 12.000000 -28.000000 -2736.000000
25311468 -56.000000 -176.000000 16408.000000 -397.000000 -30.000000 -26.000000 -2752.000000
25321434 -128.000000 -124.000000 16536.000000 -415.000000 -33.000000 -27.000000 -2752.000000
25331425 -4.000000 -176.000000 16444.000000 -366.000000 -16.000000 -6.000000 -2736.000000
25341387 -72.000000 -176.000000 16532.000000 -357.000000 38.000000 14.000000 -2720.000000
25351388 -32.000000 -152.000000 16268.000000 -381.000000 67.000000 3.000000 -2736.000000
25361411 -48.000000 -208.000000 16268.000000 -385.000000 152.000000 -256.000000 -2752.000000
25371422 -96.000000 -140.000000 16512.000000 -399.000000 101.000000 6.000000 -2736.000000
25381623 -76.000000 -52.000000 16208.000000 -407.000000 87.000000 9.000000 -2720.000000
25391467 -104.000000 -164.000000 16400.000000 -438.000000 13.000000 -21.000000 -2752.000000
25401332 -148.000000 -156.000000 16300.000000 -423.000000 -31.000000 -14.000000 -2752.000000
25411264 -36.000000 -176.000000 16216.000000 -450.000000 -54.000000 -20.000000 -2752.000000
25421090 -128.000000 -176.000000 16216.000000 -457.000000 1.000000 -5.000000 -2752.000000
25431031 -128.000000 -136.000000 16276.000000 -455.000000 -2.000000 251.000000 -2752.000000
25441011 -196.000000 -256.000000 16628.000000 -388.000000 14.000000 -20.000000 -2736.000000
25450973 -44.000000 -160.000000 16596.000000 -361.000000 56.000000 14.000000 -2752.000000
25460922 -72.000000 -120.000000 16364.000000 -345.000000 32.000000 -10.000000 -2752.000000
25470863 -32.000000 -8.000000 16244.000000 -301.000000 21.000000 -248.000000 -2736.000000
25480805 -60.000000 -64.000000 16336.000000 -345.000000 66.000000 239.000000 -2784.000000
25490762 -32.000000 -168.000000 16604.000000 -371.000000 52.000000 5.000000 -2720.000000
25500594 -20.000000 -60.000000 16464.000000 -408.000000 33.000000 -14.000000 -2752.000000
25510553 -84.000000 -72.000000 16428.000000 -443.000000 -20.000000 -255.000000 -2752.000000
25520522 -88.000000 -184.000000 16304.000000 -439.000000 -5.000000 -26.000000 -2768.000000
25530485 -32.000000 -92.000000 16496.000000 -430.000000 -28.000000 -19.000000 -2752.000000
25540435 -164.000000 -52.000000 16424.000000 -423.000000 5.000000 -24.000000 -2768.000000
25550407 -252.000000 -100.000000 16492.000000 -437.000000 67.000000 5.000000 -2768.000000
25560374 188.000000 -180.000000 16456.000000 -431.000000 122.000000 -247.000000 -2752.000000
25570326 -120.000000 -120.000000 16636.000000 -400.000000 89.000000 -256.000000 -2720.000000
25580289 -104.000000 -176.000000 16628.000000 -381.000000 74.000000 -12.000000 -2704.000000
25590264 -108.000000 -228.000000 16408.000000 -384.000000 -3.000000 -14.000000 -2752.000000
25600138 -124.000000 -88.000000 16620.000000 -380.000000 -53.000000 -46.000000 -2720.000000
25610111 -104.000000 -508.000000 16188.000000 -439.000000 29.000000 -27.000000 -2768.000000
25620053 -88.000000 20.000000 16580.000000 -506.000000 172.000000 -253.000000 -2720.000000
25629821 -240.000000 -116.000000 16504.000000 -536.000000 19.000000 -35.000000 -2768.000000
25639619 -88.000000 -8.000000 16240.000000 -584.000000 -121.000000 -70.000000 -2752.000000
25649592 -108.000000 -508.000000 16184.000000 -428.000000 -231.000000 15.000000 -2768.000000
25659562 -4.000000 112.000000 16144.000000 -678.000000 82.000000 73.000000 -2720.000000
25669524 -204.000000 208.000000 16244.000000 -263.000000 -14.000000 40.000000 -2720.000000
25679487 -12.000000 -184.000000 16596.000000 -401.000000 -171.000000 -18.000000 -2736.000000
25689474 -44.000000 -124.000000 16300.000000 -354.000000 90.000000 -242.000000 -2752.000000
25699368 -56.000000 -68.000000 16568.000000 -489.000000 174.000000 11.000000 -2720.000000
25709334 -156.000000 -260.000000 16172.000000 -763.000000 101.000000 -12.000000 -2736.000000
25719306 -8.000000 -136.000000 16372.000000 -403.000000 165.000000 20.000000 -2768.000000
25729276 -80.000000 -76.000000 16400.000000 -533.000000 38.000000 -41.000000 -2752.000000
25739225 -76.000000 -184.000000 16188.000000 -331.000000 -138.000000 -41.000000 -2752.000000
25749196 -148.000000 -204.000000 16296.000000 -344.000000 -149.000000 -44.000000 -2752.000000
25759168 -68.000000 -244.000000 16320.000000 -403.000000 29.000000 -32.000000 -2752.000000
25769137 -252.000000 -172.000000 16500.000000 -401.000000 201.000000 12.000000 -2768.000000
25779115 -148.000000 -148.000000 16456.000000 -504.000000 191.000000 -253.000000 -2752.000000
25789084 -232.000000 -172.000000 16384.000000 -445.000000 175.000000 19.000000 -2768.000000
25798986 -76.000000 -240.000000 16384.000000 -339.000000 123.000000 17.000000 -2736.000000
25808960 -152.000000 -196.000000 16460.000000 -322.000000 -89.000000 239.000000 -2752.000000
25818923 -108.000000 -236.000000 16512.000000 -271.000000 -125.000000 -16.000000 -2720.000000
25829168 -100.000000 -200.000000 16172.000000 -328.000000 -43.000000 -11.000000 -2736.000000
25838937 -96.000000 -240.000000 16448.000000 -427.000000 22.000000 -2.000000 -2720.000000
25848930 -156.000000 -172.000000 16540.000000 -476.000000 83.000000 23.000000 -2736.000000
25858891 -52.000000 -188.000000 16424.000000 -477.000000 123.000000 5.000000 -2752.000000
25868848 -52.000000 -192.000000 16356.000000 -384.000000 110.000000 -256.000000 -2768.000000
25878820 -12.000000 -472.000000 16132.000000 -297.000000 29.000000 15.000000 -2720.000000
25888631 -164.000000 -104.000000 16376.000000 -214.000000 -5.000000 15.000000 -2768.000000
25898654 -88.000000 -16.000000 16472.000000 -173.000000 -12.000000 -1.000000 -2736.000000
25908631 -156.000000 -44.000000 16496.000000 -252.000000 33.000000 -24.000000 -2736.000000
25918578 -20.000000 -60.000000 16516.000000 -363.000000 134.000000 7.000000 -2752.000000
25928507 -4.000000 -128.000000 16528.000000 -479.000000 219.000000 11.000000 -2752.000000
25938475 -88.000000 -156.000000 16384.000000 -565.000000 98.000000 -25.000000 -2736.000000
25948479 -128.000000 -168.000000 16628.000000 -446.000000 -52.000000 -58.000000 -2752.000000
25958485 -136.000000 -224.000000 16132.000000 -220.000000 68.000000 -47.000000 -2736.000000
25968488 -24.000000 -500.000000 16316.000000 -323.000000 92.000000 33.000000 -2752.000000
25978495 -120.000000 -212.000000 16360.000000 -243.000000 -74.000000 -57.000000 -2768.000000
25988487 44.000000 -176.000000 16128.000000 -510.000000 -21.000000 8.000000 -2752.000000
25998436 -244.000000 -256.000000 16344.000000 -183.000000 137.000000 72.000000 -2736.000000
26008483 -108.000000 -60.000000 16308.000000 -244.000000 172.000000 243.000000 -2752.000000
26018516 -40.000000 -196.000000 16400.000000 -230.000000 214.000000 72.000000 -2736.000000
26028576 -184.000000 -80.000000 16480.000000 -327.000000 134.000000 19.000000 -2752.000000
26038573 -84.000000 -176.000000 16528.000000 -320.000000 252.000000 16.000000 -2768.000000
26048314 -92.000000 -24.000000 16372.000000 -198.000000 -105.000000 -21.000000 -2720.000000
26058270 -80.000000 -204.000000 16424.000000 -252.000000 -177.000000 -40.000000 -2736.000000
26068267 -24.000000 -100.000000 16360.000000 -392.000000 -81.000000 -4.000000 -2752.000000
26078234 -80.000000 -172.000000 16472.000000 -406.000000 77.000000 254.000000 -2736.000000
26088188 -44.000000 -40.000000 16624.000000 -457.000000 86.000000 -9.000000 -2768.000000
26098127 -108.000000 -128.000000 16404.000000 -375.000000 93.000000 -5.000000 -2720.000000
26108089 -16.000000 -148.000000 16408.000000 -267.000000 73.000000 251.000000 -2736.000000
26118052 184.000000 -140.000000 16488.000000 -1.000000 97.000000 19.000000 -2736.000000
26128009 -112.000000 -196.000000 16480.000000 -266.000000 77.000000 -242.000000 -2752.000000
26137778 -100.000000 -208.000000 16416.000000 -268.000000 74.000000 5.000000 -2768.000000
26147974 -20.000000 -104.000000 16616.000000 -295.000000 69.000000 0.000000 -2720.000000
26157969 -68.000000 -132.000000 16320.000000 -303.000000 32.000000 13.000000 -2752.000000
26167943 -112.000000 -36.000000 16396.000000 -354.000000 -3.000000 -5.000000 -2752.000000
26177906 -120.000000 -132.000000 16444.000000 -404.000000 -56.000000 -19.000000 -2752.000000
26187870 -156.000000 -68.000000 16532.000000 -431.000000 -42.000000 -246.000000 -2736.000000
26197806 -220.000000 -80.000000 16136.000000 -392.000000 40.000000 -5.000000 -2752.000000
26207833 -144.000000 -164.000000 16332.000000 -342.000000 77.000000 252.000000 -2736.000000
26217813 4.000000 -176.000000 16432.000000 -320.000000 82.000000 11.000000 -2736.000000
26227768 -68.000000 -168.000000 16384.000000 -332.000000 31.000000 17.000000 -2752.000000
26237757 -36.000000 -148.000000 16620.000000 -512.000000 3.000000 66.000000 -2736.000000
26247769 -268.000000 -104.000000 16604.000000 -290.000000 12.000000 47.000000 -2720.000000
26257535 -216.000000 -36.000000 16536.000000 -334.000000 91.000000 10.000000 -2736.000000
26267465 176.000000 -160.000000 16424.000000 -295.000000 80.000000 11.000000 -2752.000000
26277744 -96.000000 -220.000000 16480.000000 -391.000000 36.000000 -246.000000 -2704.000000
26287870 -32.000000 -72.000000 16464.000000 -400.000000 41.000000 -256.000000 -2736.000000
26297827 -204.000000 -112.000000 16532.000000 -369.000000 7.000000 -9.000000 -2752.000000
26307861 -120.000000 -256.000000 16588.000000 -394.000000 -22.000000 -251.000000 -2736.000000
26317835 -60.000000 -96.000000 16480.000000 -349.000000 50.000000 9.000000 -2752.000000
26327811 -128.000000 -172.000000 16584.000000 -364.000000 68.000000 8.000000 -2752.000000
26337790 -136.000000 -136.000000 16600.000000 -350.000000 238.000000 255.000000 -2704.000000
26347752 -152.000000 -100.000000 16404.000000 -302.000000 31.000000 18.000000 -2752.000000
26357766 -104.000000 -68.000000 16440.000000 -269.000000 -12.000000 15.000000 -2768.000000
26367712 -20.000000 -88.000000 16316.000000 -300.000000 -1.000000 -1.000000 -2752.000000
26377658 -108.000000 120.000000 16516.000000 -366.000000 106.000000 19.000000 -2752.000000
26387465 -172.000000 -24.000000 16260.000000 -418.000000 -176.000000 -22.000000 -2752.000000
26397407 -120.000000 -84.000000 16528.000000 -371.000000 35.000000 20.000000 -2720.000000
26407364 -100.000000 -184.000000 16300.000000 -357.000000 37.000000 -8.000000 -2736.000000
26417323 -68.000000 -232.000000 16432.000000 -310.000000 -41.000000 10.000000 -2720.000000
26427290 -168.000000 -40.000000 16328.000000 -258.000000 -3.000000 17.000000 -2752.000000
26437262 -116.000000 -96.000000 16532.000000 -304.000000 -52.000000 -6.000000 -2736.000000
26447232 -84.000000 -64.000000 16504.000000 -348.000000 -128.000000 -76.000000 -2688.000000
26457018 -84.000000 -144.000000 16492.000000 -387.000000 -11.000000 -14.000000 -2768.000000
26466776 -52.000000 -60.000000 16484.000000 -384.000000 176.000000 15.000000 -2720.000000
26476714 240.000000 -100.000000 16132.000000 -411.000000 151.000000 25.000000 -2736.000000
26486658 232.000000 -44.000000 16144.000000 -418.000000 93.000000 15.000000 -2768.000000
26496606 -80.000000 -120.000000 16508.000000 -454.000000 32.000000 16.000000 -2720.000000
26506503 -28.000000 -132.000000 16480.000000 -402.000000 65.000000 -3.000000 -2752.000000
26516500 -132.000000 -104.000000 16568.000000 -340.000000 28.000000 4.000000 -2704.000000
26526471 140.000000 -4.000000 16488.000000 -382.000000 89.000000 6.000000 -2752.000000
26536443 -80.000000 -104.000000 16348.000000 -404.000000 111.000000 -8.000000 -2768.000000
26546395 -124.000000 -176.000000 16456.000000 -434.000000 140.000000 14.000000 -2736.000000
26556366 -116.000000 -88.000000 16444.000000 -476.000000 117.000000 -13.000000 -2752.000000
26566337 -64.000000 -120.000000 16372.000000 -495.000000 82.000000 -9.000000 -2768.000000
26576331 -84.000000 -152.000000 16344.000000 -455.000000 75.000000 16.000000 -2752.000000
26586366 -60.000000 -20.000000 16556.000000 -431.000000 33.000000 -14.000000 -2736.000000
26596331 -220.000000 -140.000000 16200.000000 -411.000000 -38.000000 -3.000000 -2752.000000
26606272 216.000000 -180.000000 16400.000000 -341.000000 14.000000 -13.000000 -2752.000000
26616235 -28.000000 -88.000000 16364.000000 -359.000000 39.000000 -20.000000 -2784.000000
26626199 -24.000000 -176.000000 16148.000000 -369.000000 87.000000 20.000000 -2752.000000
26636029 -160.000000 -136.000000 16160.000000 -420.000000 108.000000 232.000000 -2736.000000
26645945 -220.000000 -68.000000 16432.000000 -433.000000 113.000000 250.000000 -2736.000000
26655917 -128.000000 -44.000000 16592.000000 -419.000000 88.000000 -47.000000 -2752.000000
26665903 4.000000 -128.000000 16476.000000 -454.000000 19.000000 -2.000000 -2736.000000
26675712 -36.000000 -144.000000 16400.000000 -407.000000 26.000000 20.000000 -2736.000000
26685736 -192.000000 -68.000000 16292.000000 -469.000000 -40.000000 246.000000 -2752.000000
26695730 -72.000000 -204.000000 16496.000000 -376.000000 -5.000000 -248.000000 -2768.000000
26705713 -52.000000 -196.000000 16344.000000 -385.000000 106.000000 20.000000 -2720.000000
26715691 -60.000000 172.000000 16504.000000 -318.000000 30.000000 41.000000 -2720.000000
2