7027105 -20.000000 -76.000000 16592.000000 -405.000000 89.000000 -15.000000 -2784.000000
7037084 -12.000000 -224.000000 16508.000000 -410.000000 88.000000 8.000000 -2768.000000
7046951 -48.000000 -156.000000 16356.000000 -397.000000 80.000000 11.000000 -2768.000000
7056819 0.000000 -480.000000 16328.000000 -358.000000 38.000000 10.000000 -2768.000000
7066724 28.000000 -208.000000 16408.000000 -328.000000 29.000000 9.000000 -2736.000000
7076626 -244.000000 -168.000000 16328.000000 -319.000000 -2.000000 -6.000000 -2800.000000
7086601 36.000000 -144.000000 16384.000000 -353.000000 12.000000 -15.000000 -2752.000000
7096582 48.000000 -200.000000 16400.000000 -387.000000 78.000000 -10.000000 -2736.000000
7106559 -108.000000 -228.000000 16136.000000 -421.000000 91.000000 -12.000000 -2736.000000
7116507 -124.000000 -220.000000 16412.000000 -418.000000 42.000000 246.000000 -2752.000000
7126494 -140.000000 -240.000000 16392.000000 -366.000000 26.000000 248.000000 -2752.000000
7136461 -24.000000 -60.000000 16412.000000 -319.000000 -48.000000 -18.000000 -2736.000000
7146446 -120.000000 -412.000000 16612.000000 -309.000000 -87.000000 -23.000000 -2752.000000
7156412 -36.000000 -248.000000 16404.000000 -312.000000 -56.000000 19.000000 -2768.000000
7166379 -108.000000 -168.000000 16152.000000 -299.000000 -115.000000 12.000000 -2752.000000
7176349 -68.000000 -244.000000 16500.000000 -255.000000 -174.000000 -35.000000 -2768.000000
7186346 0.000000 -448.000000 16556.000000 -208.000000 -251.000000 -52.000000 -2784.000000
7196312 56.000000 -56.000000 16416.000000 -336.000000 -190.000000 -26.000000 -2784.000000
7206274 -188.000000 -232.000000 16420.000000 -369.000000 -249.000000 -44.000000 -2768.000000
7216217 52.000000 -72.000000 16364.000000 -426.000000 -504.000000 -29.000000 -2784.000000
7226101 240.000000 -240.000000 16416.000000 -285.000000 -118.000000 -12.000000 -2752.000000
7236023 -248.000000 -264.000000 16404.000000 -3.000000 -216.000000 -15.000000 -2752.000000
7245993 -24.000000 -92.000000 16504.000000 -256.000000 -277.000000 -45.000000 -2752.000000
7256003 56.000000 -224.000000 16592.000000 -148.000000 -263.000000 -11.000000 -2752.000000
7265905 8.000000 -52.000000 16400.000000 -254.000000 -215.000000 -75.000000 -2784.000000
7275665 60.000000 -452.000000 16128.000000 -244.000000 -118.000000 -10.000000 -2736.000000
7285557 28.000000 -184.000000 16636.000000 -207.000000 31.000000 31.000000 -2736.000000
7295547 8.000000 -176.000000 16592.000000 -331.000000 20.000000 7.000000 -2752.000000
7305517 68.000000 -156.000000 16400.000000 -362.000000 -1.000000 -24.000000 -2768.000000
7315376 -32.000000 -180.000000 16564.000000 -369.000000 16.000000 -6.000000 -2768.000000
7325242 84.000000 -80.000000 16412.000000 -383.000000 -27.000000 -56.000000 -2768.000000
7335203 52.000000 -128.000000 16504.000000 -332.000000 23.000000 250.000000 -2768.000000
7345191 60.000000 -36.000000 16404.000000 -375.000000 13.000000 -5.000000 -2752.000000
7355162 64.000000 -176.000000 16536.000000 -382.000000 70.000000 -16.000000 -2736.000000
7365132 220.000000 -232.000000 16308.000000 -343.000000 23.000000 0.000000 -2752.000000
7375102 60.000000 -28.000000 16492.000000 -303.000000 -36.000000 -11.000000 -2768.000000
7385082 104.000000 -148.000000 16128.000000 -318.000000 -17.000000 -19.000000 -2736.000000
7395060 -256.000000 -104.000000 16512.000000 -360.000000 19.000000 -14.000000 -2720.000000
7405013 104.000000 -184.000000 16416.000000 -385.000000 73.000000 -253.000000 -2768.000000
7414970 236.000000 -108.000000 16440.000000 -408.000000 58.000000 0.000000 -2752.000000
7424970 120.000000 -180.000000 16452.000000 -418.000000 81.000000 -27.000000 -2768.000000
7434963 44.000000 -96.000000 16224.000000 -378.000000 27.000000 -252.000000 -2752.000000
7444937 112.000000 -236.000000 16352.000000 -354.000000 16.000000 -20.000000 -2752.000000
7454915 -12.000000 -120.000000 16308.000000 -335.000000 -249.000000 -6.000000 -2736.000000
7464893 108.000000 -116.000000 16532.000000 -329.000000 23.000000 250.000000 -2752.000000
7474784 36.000000 -84.000000 16156.000000 -364.000000 39.000000 -7.000000 -2752.000000
7484977 -224.000000 -236.000000 16196.000000 -394.000000 52.000000 -6.000000 -2752.000000
7494973 220.000000 -88.000000 16232.000000 -384.000000 65.000000 6.000000 -2752.000000
7504935 124.000000 -236.000000 16160.000000 -373.000000 41.000000 -7.000000 -2752.000000
7514912 152.000000 -160.000000 16420.000000 -395.000000 18.000000 3.000000 -2768.000000
7524895 -48.000000 -208.000000 16156.000000 -392.000000 41.000000 -3.000000 -2752.000000
7534871 232.000000 -132.000000 16396.000000 -404.000000 46.000000 -2.000000 -2768.000000
7544851 76.000000 -132.000000 16352.000000 -353.000000 73.000000 6.000000 -2752.000000
7554814 120.000000 -76.000000 16264.000000 -320.000000 244.000000 -30.000000 -2768.000000
7564715 180.000000 -100.000000 16520.000000 -313.000000 -37.000000 -252.000000 -2736.000000
7574535 64.000000 -216.000000 16340.000000 -361.000000 -248.000000 -15.000000 -2784.000000
7584511 168.000000 -84.000000 16416.000000 -415.000000 61.000000 -3.000000 -2768.000000
7594418 52.000000 -172.000000 16624.000000 -435.000000 101.000000 6.000000 -2752.000000
7604253 68.000000 -160.000000 16348.000000 -417.000000 77.000000 -12.000000 -2768.000000
7614243 44.000000 -116.000000 16436.000000 -400.000000 37.000000 -5.000000 -2752.000000
7624222 200.000000 -268.000000 16420.000000 -355.000000 -25.000000 -5.000000 -2736.000000
7634183 -236.000000 -56.000000 16560.000000 -336.000000 -253.000000 -19.000000 -2752.000000
7644148 -196.000000 -52.000000 16416.000000 -379.000000 14.000000 253.000000 -2784.000000
7654128 224.000000 -152.000000 16572.000000 -383.000000 69.000000 -8.000000 -2768.000000
7664112 140.000000 -68.000000 16452.000000 -414.000000 92.000000 -5.000000 -2752.000000
7674086 92.000000 -96.000000 16472.000000 -417.000000 58.000000 -16.000000 -2736.000000
7683999 84.000000 -184.000000 16516.000000 -400.000000 45.000000 -31.000000 -2768.000000
7693832 -160.000000 -136.000000 16348.000000 -399.000000 15.000000 -7.000000 -2736.000000
7703808 252.000000 -88.000000 16340.000000 -372.000000 26.000000 -16.000000 -2752.000000
7713776 -224.000000 -128.000000 16352.000000 -367.000000 42.000000 251.000000 -2752.000000
7723766 -192.000000 -172.000000 16392.000000 -386.000000 23.000000 -244.000000 -2768.000000
7733750 48.000000 -172.000000 16440.000000 -379.000000 72.000000 24.000000 -2752.000000
7743727 84.000000 -88.000000 16268.000000 -380.000000 72.000000 3.000000 -2768.000000
7753708 68.000000 -100.000000 16636.000000 -370.000000 41.000000 -22.000000 -2752.000000
7763667 240.000000 -100.000000 16396.000000 -356.000000 30.000000 251.000000 -2752.000000
7773641 116.000000 -132.000000 16472.000000 -385.000000 28.000000 241.000000 -2736.000000
7783609 -24.000000 -172.000000 16620.000000 -403.000000 14.000000 246.000000 -2752.000000
7793585 92.000000 -252.000000 16320.000000 -398.000000 47.000000 -14.000000 -2736.000000
7803564 -244.000000 -216.000000 16400.000000 -397.000000 73.000000 -14.000000 -2752.000000
7813512 8.000000 -108.000000 16396.000000 -372.000000 36.000000 236.000000 -2752.000000
7823316 128.000000 -136.000000 16392.000000 -367.000000 9.000000 -9.000000 -2784.000000
7833270 20.000000 -116.000000 16440.000000 -367.000000 52.000000 -21.000000 -2784.000000
7843254 56.000000 -80.000000 16404.000000 -357.000000 27.000000 -29.000000 -2736.000000
7853213 0.000000 -56.000000 16504.000000 -380.000000 12.000000 -11.000000 -2752.000000
7863162 72.000000 -32.000000 16364.000000 -407.000000 55.000000 -1.000000 -2752.000000
7873108 100.000000 -88.000000 16204.000000 -422.000000 65.000000 26.000000 -2768.000000
7883086 112.000000 -104.000000 16372.000000 -403.000000 68.000000 30.000000 -2784.000000
7893040 92.000000 -96.000000 16528.000000 -384.000000 33.000000 10.000000 -2768.000000
7902833 24.000000 -232.000000 16400.000000 -353.000000 13.000000 -254.000000 -2784.000000
7912777 248.000000 -124.000000 16192.000000 -372.000000 26.000000 5.000000 -2752.000000
7922586 -4.000000 -144.000000 16356.000000 -352.000000 53.000000 -13.000000 -2720.000000
7932537 56.000000 -120.000000 16196.000000 -380.000000 91.000000 8.000000 -2736.000000
7942759 36.000000 -48.000000 16392.000000 -375.000000 44.000000 -18.000000 -2736.000000
7952695 -160.000000 -128.000000 16404.000000 -368.000000 50.000000 -12.000000 -2752.000000
7962627 60.000000 -200.000000 16456.000000 -365.000000 56.000000 -14.000000 -2752.000000
7972573 216.000000 -148.000000 16568.000000 -378.000000 49.000000 -30.000000 -2768.000000
7982503 96.000000 -252.000000 16464.000000 -392.000000 46.000000 -2.000000 -2736.000000
7992426 216.000000 -200.000000 16568.000000 -390.000000 45.000000 -4.000000 -2752.000000
8002361 -4.000000 -160.000000 16332.000000 -370.000000 31.000000 -15.000000 -2752.000000
8012273 48.000000 -112.000000 16364.000000 -343.000000 32.000000 2.000000 -2752.000000
8022067 64.000000 -132.000000 16404.000000 -342.000000 67.000000 -1.000000 -2784.000000
8032052 120.000000 -104.000000 16624.000000 -355.000000 76.000000 19.000000 -2784.000000
8042039 108.000000 -152.000000 16152.000000 -402.000000 52.000000 9.000000 -2784.000000
8052001 228.000000 -212.000000 16524.000000 -396.000000 57.000000 -12.000000 -2752.000000
8061958 -32.000000 -144.000000 16588.000000 -377.000000 59.000000 19.000000 -2768.000000
8071797 12.000000 -128.000000 16504.000000 -361.000000 25.000000 -256.000000 -2768.000000
8081763 64.000000 -152.000000 16468.000000 -337.000000 -12.000000 252.000000 -2768.000000
8091777 112.000000 -144.000000 16384.000000 -338.000000 5.000000 -9.000000 -2784.000000
8101767 -36.000000 -96.000000 16436.000000 -354.000000 47.000000 3.000000 -2768.000000
8111535 104.000000 -176.000000 16432.000000 -374.000000 100.000000 -20.000000 -2784.000000
8121307 52.000000 -76.000000 16332.000000 -377.000000 73.000000 23.000000 -2720.000000
8131287 60.000000 -164.000000 16512.000000 -401.000000 59.000000 -254.000000 -2784.000000
8141246 16.000000 -176.000000 16444.000000 -371.000000 50.000000 -251.000000 -2768.000000
8151207 248.000000 -92.000000 16564.000000 -339.000000 15.000000 17.000000 -2752.000000
8161179 108.000000 -376.000000 16544.000000 -338.000000 -253.000000 7.000000 -2736.000000
8171135 116.000000 -56.000000 16616.000000 -360.000000 32.000000 253.000000 -2768.000000
8181119 80.000000 -112.000000 16608.000000 -404.000000 52.000000 -12.000000 -2752.000000
8191087 -220.000000 -28.000000 16636.000000 -387.000000 76.000000 -255.000000 -2768.000000
8201091 16.000000 -148.000000 16496.000000 -384.000000 37.000000 -23.000000 -2752.000000
8211061 32.000000 -92.000000 16348.000000 -385.000000 68.000000 29.000000 -2768.000000
8220818 -24.000000 -152.000000 16472.000000 -388.000000 70.000000 -5.000000 -2752.000000
8230798 88.000000 -188.000000 16600.000000 -387.000000 35.000000 12.000000 -2768.000000
8240773 52.000000 -156.000000 16408.000000 -375.000000 56.000000 -3.000000 -2752.000000
8250742 72.000000 -224.000000 16332.000000 -399.000000 37.000000 243.000000 -2752.000000
8260716 64.000000 -112.000000 16360.000000 -380.000000 57.000000 -1.000000 -2768.000000
8270678 96.000000 -112.000000 16440.000000 -369.000000 51.000000 -15.000000 -2784.000000
8280640 16.000000 -152.000000 16496.000000 -367.000000 24.000000 -14.000000 -2736.000000
8290613 4.000000 -392.000000 16408.000000 -384.000000 43.000000 -10.000000 -2736.000000
8300570 60.000000 -156.000000 16480.000000 -366.000000 40.000000 -7.000000 -2752.000000
8310543 48.000000 12.000000 16444.000000 -387.000000 54.000000 -25.000000 -2752.000000
8320305 100.000000 -152.000000 16488.000000 -379.000000 42.000000 0.000000 -2752.000000
8330387 116.000000 -148.000000 16420.000000 -380.000000 60.000000 -6.000000 -2752.000000
8340365 84.000000 -148.000000 16140.000000 -385.000000 70.000000 -253.000000 -2720.000000
8350330 152.000000 -88.000000 16440.000000 -380.000000 25.000000 -9.000000 -2736.000000
8360299 56.000000 -172.000000 16624.000000 -366.000000 40.000000 1.000000 -2752.000000
8370266 192.000000 -76.000000 16524.000000 -374.000000 53.000000 0.000000 -2736.000000
8380232 44.000000 -128.000000 16496.000000 -389.000000 56.000000 -256.000000 -2736.000000
8390249 112.000000 -212.000000 16376.000000 -371.000000 44.000000 -250.000000 -2784.000000
8400477 200.000000 -52.000000 16452.000000 -369.000000 33.000000 247.000000 -2768.000000
8410471 0.000000 -68.000000 16272.000000 -381.000000 56.000000 -17.000000 -2752.000000
8420285 68.000000 -204.000000 16176.000000 -387.000000 32.000000 -249.000000 -2784.000000
8430351 248.000000 -200.000000 16584.000000 -367.000000 48.000000 -12.000000 -2736.000000
8440333 180.000000 -56.000000 16492.000000 -379.000000 50.000000 -11.000000 -2784.000000
8450308 40.000000 -108.000000 16408.000000 -388.000000 44.000000 -252.000000 -2768.000000
8460276 200.000000 -80.000000 16344.000000 -378.000000 48.000000 -14.000000 -2752.000000
8470235 56.000000 -64.000000 16472.000000 -383.000000 20.000000 251.000000 -2752.000000
8480235 36.000000 -224.000000 16460.000000 -403.000000 28.000000 -4.000000 -2736.000000
8490250 56.000000 -108.000000 16428.000000 -395.000000 52.000000 -256.000000 -2784.000000
8500231 80.000000 -132.000000 16176.000000 -384.000000 57.000000 -3.000000 -2768.000000
8510240 28.000000 -64.000000 16596.000000 -394.000000 92.000000 254.000000 -2720.000000
8520109 188.000000 -156.000000 16384.000000 -387.000000 23.000000 -250.000000 -2784.000000
8529867 32.000000 -172.000000 16288.000000 -391.000000 54.000000 -256.000000 -2736.000000
8539851 136.000000 -156.000000 16596.000000 -388.000000 73.000000 19.000000 -2784.000000
8549828 12.000000 -108.000000 16472.000000 -382.000000 46.000000 -250.000000 -2768.000000
8559796 36.000000 -188.000000 16188.000000 -399.000000 21.000000 -18.000000 -2752.000000
8569600 80.000000 -188.000000 16260.000000 -401.000000 34.000000 255.000000 -2736.000000
8579576 28.000000 -60.000000 16368.000000 -391.000000 75.000000 -13.000000 -2752.000000
8589561 80.000000 -100.000000 16516.000000 -413.000000 75.000000 -37.000000 -2736.000000
8599523 104.000000 -200.000000 16532.000000 -402.000000 41.000000 -23.000000 -2752.000000
8609532 124.000000 -204.000000 16220.000000 -405.000000 76.000000 7.000000 -2768.000000
8619408 184.000000 -56.000000 16392.000000 -393.000000 77.000000 248.000000 -2768.000000
8629372 24.000000 -136.000000 16540.000000 -381.000000 23.000000 -1.000000 -2768.000000
8639199 132.000000 -16.000000 16628.000000 -349.000000 28.000000 -33.000000 -2768.000000
8649155 28.000000 -160.000000 16504.000000 -377.000000 63.000000 -6.000000 -2752.000000
8659127 28.000000 -148.000000 16364.000000 -392.000000 69.000000 -247.000000 -2752.000000
8669102 52.000000 -96.000000 16412.000000 -400.000000 36.000000 -11.000000 -2768.000000
8679061 -8.000000 -216.000000 16352.000000 -385.000000 97.000000 -2.000000 -2720.000000
8689021 -252.000000 -148.000000 16620.000000 -377.000000 57.000000 -256.000000 -2768.000000
8698992 56.000000 -140.000000 16332.000000 -394.000000 61.000000 -11.000000 -2768.000000
8708964 -4.000000 -216.000000 16608.000000 -386.000000 46.000000 -12.000000 -2752.000000
8718812 32.000000 -172.000000 16356.000000 -347.000000 49.000000 5.000000 -2752.000000
8728740 76.000000 -128.000000 16368.000000 -345.000000 66.000000 2.000000 -2752.000000
8738580 28.000000 -56.000000 16564.000000 -369.000000 0.000000 -243.000000 -2752.000000
8748517 28.000000 -196.000000 16408.000000 -378.000000 52.000000 9.000000 -2752.000000
8758499 36.000000 -168.000000 16400.000000 -420.000000 59.000000 -11.000000 -2768.000000
8768478 108.000000 -144.000000 16404.000000 -430.000000 90.000000 -12.000000 -2784.000000
8778454 80.000000 -148.000000 16144.000000 -422.000000 82.000000 -4.000000 -2768.000000
8788419 64.000000 -36.000000 16500.000000 -383.000000 62.000000 -14.000000 -2752.000000
8798410 -180.000000 -164.000000 16148.000000 -387.000000 34.000000 -23.000000 -2752.000000
8808383 112.000000 -44.000000 16612.000000 -383.000000 9.000000 -11.000000 -2768.000000
8818210 -248.000000 -140.000000 16416.000000 -390.000000 66.000000 248.000000 -2768.000000
8828221 24.000000 -12.000000 16388.000000 -416.000000 59.000000 14.000000 -2752.000000
8838194 -216.000000 -120.000000 16412.000000 -391.000000 73.000000 -11.000000 -2736.000000
8848173 108.000000 -80.000000 16636.000000 -386.000000 61.000000 243.000000 -2816.000000
8858399 248.000000 -148.000000 16448.000000 -360.000000 24.000000 -255.000000 -2752.000000
8868379 -240.000000 -160.000000 16284.000000 -363.000000 50.000000 9.000000 -2768.000000
8878205 224.000000 -204.000000 16280.000000 -384.000000 53.000000 -2.000000 -2736.000000
8888253 32.000000 -248.000000 16592.000000 -376.000000 58.000000 -8.000000 -2752.000000
8898232 84.000000 -308.000000 16352.000000 -379.000000 49.000000 -246.000000 -2768.000000
8908204 56.000000 -148.000000 16144.000000 -357.000000 46.000000 16.000000 -2752.000000
8918085 48.000000 -96.000000 16464.000000 -362.000000 29.000000 -254.000000 -2720.000000
8928004 96.000000 -88.000000 16604.000000 -354.000000 -2.000000 13.000000 -2784.000000
8937996 32.000000 -164.000000 16636.000000 -347.000000 4.000000 -19.000000 -2768.000000
8947847 156.000000 -140.000000 16372.000000 -362.000000 44.000000 -6.000000 -2736.000000
8957745 -40.000000 -168.000000 16408.000000 -385.000000 53.000000 -11.000000 -2768.000000
8967722 36.000000 -100.000000 16424.000000 -408.000000 44.000000 -2.000000 -2784.000000
8977701 -16.000000 -92.000000 16436.000000 -408.000000 103.000000 252.000000 -2800.000000
8987669 216.000000 -120.000000 16376.000000 -354.000000 100.000000 244.000000 -2784.000000
8997638 92.000000 -144.000000 16480.000000 -370.000000 43.000000 3.000000 -2752.000000
9007607 192.000000 -156.000000 16520.000000 -370.000000 3.000000 -5.000000 -2768.000000
9017510 60.000000 0.000000 16188.000000 -338.000000 34.000000 -3.000000 -2704.000000
9027488 -136.000000 -200.000000 16408.000000 -379.000000 37.000000 18.000000 -2752.000000
9037479 144.000000 -116.000000 16504.000000 -397.000000 48.000000 -10.000000 -2736.000000
9047452 72.000000 -160.000000 16196.000000 -422.000000 111.000000 255.000000 -2720.000000
9057421 -44.000000 -76.000000 16416.000000 -430.000000 115.000000 -254.000000 -2736.000000
9067311 0.000000 -120.000000 16344.000000 -433.000000 94.000000 -26.000000 -2768.000000
9077207 -20.000000 -184.000000 16592.000000 -395.000000 88.000000 -11.000000 -2768.000000
9087185 56.000000 -224.000000 16392.000000 -367.000000 49.000000 -7.000000 -2784.000000
9097165 -4.000000 -200.000000 16372.000000 -363.000000 30.000000 -26.000000 -2736.000000
9107128 -4.000000 -132.000000 16400.000000 -364.000000 27.000000 -254.000000 -2768.000000
9117035 124.000000 -104.000000 16388.000000 -379.000000 51.000000 -4.000000 -2752.000000
9126930 56.000000 -208.000000 16436.000000 -367.000000 66.000000 -1.000000 -2752.000000
9136902 52.000000 -204.000000 16332.000000 -397.000000 47.000000 -254.000000 -2752.000000
9146877 -216.000000 -204.000000 16496.000000 -392.000000 43.000000 -254.000000 -2736.000000
9156735 4.000000 -136.000000 16420.000000 -377.000000 63.000000 -256.000000 -2768.000000
9166625 -12.000000 -164.000000 16424.000000 -401.000000 68.000000 16.000000 -2736.000000
9176607 240.000000 -224.000000 16408.000000 -371.000000 53.000000 254.000000 -2784.000000
9186577 48.000000 -104.000000 16372.000000 -339.000000 21.000000 -16.000000 -2752.000000
9196565 84.000000 -144.000000 16144.000000 -357.000000 34.000000 24.000000 -2752.000000
9206546 88.000000 -88.000000 16288.000000 -356.000000 41.000000 12.000000 -2768.000000
9216474 112.000000 -112.000000 16584.000000 -359.000000 28.000000 248.000000 -2736.000000
9226344 32.000000 -76.000000 16428.000000 -390.000000 61.000000 -9.000000 -2768.000000
9236352 76.000000 -156.000000 16468.000000 -380.000000 61.000000 250.000000 -2752.000000
9246321 4.000000 -104.000000 16440.000000 -394.000000 54.000000 -2.000000 -2736.000000
9256276 72.000000 -128.000000 16424.000000 -376.000000 59.000000 13.000000 -2736.000000
9266248 188.000000 -228.000000 16344.000000 -378.000000 54.000000 15.000000 -2784.000000
9276230 116.000000 -168.000000 16604.000000 -358.000000 41.000000 17.000000 -2768.000000
9286198 44.000000 -80.000000 16240.000000 -338.000000 31.000000 -2.000000 -2752.000000
9296168 188.000000 -156.000000 16628.000000 -342.000000 31.000000 -16.000000 -2784.000000
9306143 8.000000 -104.000000 16488.000000 -349.000000 37.000000 -12.000000 -2768.000000
9316018 72.000000 -144.000000 16560.000000 -397.000000 60.000000 -251.000000 -2752.000000
9326153 68.000000 -160.000000 16464.000000 -401.000000 61.000000 3.000000 -2736.000000
9336141 104.000000 -216.000000 16400.000000 -416.000000 85.000000 1.000000 -2752.000000
9346123 132.000000 -136.000000 16400.000000 -422.000000 103.000000 -19.000000 -2768.000000
9355982 -32.000000 -52.000000 16384.000000 -383.000000 86.000000 -11.000000 -2768.000000
9365742 64.000000 -164.000000 16296.000000 -395.000000 76.000000 -20.000000 -2752.000000
9375623 60.000000 -176.000000 16476.000000 -382.000000 90.000000 -8.000000 -2720.000000
9385597 24.000000 -128.000000 16308.000000 -390.000000 52.000000 7.000000 -2736.000000
9395586 144.000000 -188.000000 16380.000000 -385.000000 44.000000 12.000000 -2752.000000
9405568 36.000000 -12.000000 16420.000000 -382.000000 18.000000 16.000000 -2800.000000
9415517 56.000000 -124.000000 16620.000000 -362.000000 30.000000 -256.000000 -2736.000000
9425397 104.000000 -196.000000 16212.000000 -389.000000 53.000000 0.000000 -2736.000000
9435392 44.000000 -136.000000 16472.000000 -360.000000 50.000000 7.000000 -2784.000000
9445363 32.000000 -172.000000 16476.000000 -375.000000 37.000000 -255.000000 -2736.000000
9455347 100.000000 -120.000000 16604.000000 -385.000000 45.000000 -1.000000 -2752.000000
9465317 228.000000 -208.000000 16312.000000 -380.000000 72.000000 13.000000 -2736.000000
9475333 116.000000 -200.000000 16440.000000 -362.000000 45.000000 -246.000000 -2752.000000
9485319 88.000000 -164.000000 16476.000000 -367.000000 47.000000 0.000000 -2736.000000
9495289 -212.000000 -132.000000 16448.000000 -382.000000 49.000000 -3.000000 -2784.000000
9505302 92.000000 -180.000000 16440.000000 -373.000000 29.000000 0.000000 -2768.000000
9515303 20.000000 -128.000000 16436.000000 -391.000000 17.000000 0.000000 -2752.000000
9525132 16.000000 -212.000000 16404.000000 -363.000000 47.000000 -240.000000 -2768.000000
9535119 112.000000 -156.000000 16188.000000 -372.000000 33.000000 19.000000 -2720.000000
9545104 80.000000 -160.000000 16332.000000 -378.000000 28.000000 -8.000000 -2768.000000
9555069 -16.000000 -284.000000 16448.000000 -374.000000 71.000000 11.000000 -2784.000000
9564957 -256.000000 -100.000000 16452.000000 -354.000000 35.000000 8.000000 -2784.000000
9574715 148.000000 -224.000000 16444.000000 -360.000000 42.000000 -256.000000 -2768.000000
9584696 72.000000 -160.000000 16252.000000 -357.000000 26.000000 11.000000 -2752.000000
9594621 96.000000 -8.000000 16420.000000 -394.000000 47.000000 20.000000 -2752.000000
9604445 128.000000 -200.000000 16472.000000 -413.000000 49.000000 6.000000 -2784.000000
9614435 148.000000 -152.000000 16516.000000 -425.000000 106.000000 -23.000000 -2736.000000
9624285 76.000000 -148.000000 16560.000000 -410.000000 107.000000 -255.000000 -2752.000000
9634265 104.000000 -100.000000 16288.000000 -397.000000 77.000000 247.000000 -2768.000000
9644250 108.000000 -168.000000 16456.000000 -403.000000 81.000000 -10.000000 -2720.000000
9654213 76.000000 -208.000000 16452.000000 -376.000000 63.000000 -10.000000 -2768.000000
9664186 48.000000 -160.000000 16532.000000 -396.000000 38.000000 -25.000000 -2752.000000
9674098 216.000000 -108.000000 16352.000000 -389.000000 45.000000 -8.000000 -2752.000000
9684112 232.000000 -40.000000 16408.000000 -392.000000 40.000000 -10.000000 -2768.000000
9694087 44.000000 -168.000000 16156.000000 -365.000000 23.000000 -251.000000 -2752.000000
9704059 28.000000 -176.000000 16576.000000 -381.000000 35.000000 255.000000 -2784.000000
9714033 168.000000 -88.000000 16360.000000 -361.000000 37.000000 7.000000 -2736.000000
9723986 -160.000000 -116.000000 16196.000000 -361.000000 9.000000 -249.000000 -2752.000000
9733972 76.000000 -156.000000 16420.000000 -398.000000 68.000000 7.000000 -2736.000000
9743965 20.000000 -88.000000 16632.000000 -386.000000 46.000000 -252.000000 -2784.000000
9753940 84.000000 -132.000000 16564.000000 -390.000000 57.000000 29.000000 -2736.000000
9763911 156.000000 -84.000000 16376.000000 -371.000000 3.000000 7.000000 -2736.000000
9773923 224.000000 -128.000000 16472.000000 -355.000000 -2.000000 -2.000000 -2752.000000
9784114 20.000000 -140.000000 16316.000000 -339.000000 -11.000000 4.000000 -2768.000000
9794040 -228.000000 -176.000000 16596.000000 -370.000000 4.000000 2.000000 -2736.000000
9804007 56.000000 -100.000000 16436.000000 -388.000000 29.000000 -251.000000 -2720.000000
9813922 64.000000 -216.000000 16492.000000 -399.000000 39.000000 -240.000000 -2736.000000
9823747 -4.000000 -136.000000 16560.000000 -397.000000 46.000000 -253.000000 -2752.000000
9833734 32.000000 -220.000000 16584.000000 -375.000000 61.000000 -8.000000 -2768.000000
9843705 -28.000000 -144.000000 16484.000000 -351.000000 2.000000 10.000000 -2752.000000
9853687 60.000000 -100.000000 16324.000000 -350.000000 0.000000 6.000000 -2736.000000
9863666 4.000000 -84.000000 16440.000000 -339.000000 8.000000 -9.000000 -2800.000000
9873622 72.000000 -116.000000 16424.000000 -354.000000 -250.000000 -14.000000 -2752.000000
9883601 108.000000 -128.000000 16476.000000 -374.000000 61.000000 -5.000000 -2736.000000
9893575 48.000000 -172.000000 16268.000000 -418.000000 54.000000 12.000000 -2784.000000
9903543 0.000000 -72.000000 16560.000000 -414.000000 80.000000 -248.000000 -2752.000000
9913509 92.000000 -60.000000 16452.000000 -435.000000 90.000000 11.000000 -2768.000000
9923391 12.000000 -160.000000 16380.000000 -415.000000 77.000000 -2.000000 -2736.000000
9933387 32.000000 -72.000000 16436.000000 -387.000000 53.000000 -13.000000 -2752.000000
9943369 68.000000 -108.000000 16428.000000 -347.000000 38.000000 -22.000000 -2736.000000
9953326 16.000000 -56.000000 16444.000000 -369.000000 63.000000 9.000000 -2752.000000
9963296 144.000000 -184.000000 16448.000000 -379.000000 58.000000 10.000000 -2752.000000
9973263 48.000000 -168.000000 16452.000000 -388.000000 47.000000 -20.000000 -2768.000000
9983235 4.000000 -200.000000 16408.000000 -395.000000 70.000000 -14.000000 -2752.000000
9993155 28.000000 -228.000000 16336.000000 -385.000000 51.000000 -32.000000 -2752.000000
10002976 36.000000 -72.000000 16544.000000 -384.000000 28.000000 -11.000000 -2752.000000
10012953 24.000000 -132.000000 16612.000000 -385.000000 -7.000000 -20.000000 -2736.000000
10022864 -232.000000 -56.000000 16288.000000 -371.000000 47.000000 -24.000000 -2768.000000
10032864 44.000000 -156.000000 16492.000000 -379.000000 68.000000 -18.000000 -2752.000000
10042845 48.000000 -116.000000 16432.000000 -361.000000 39.000000 -250.000000 -2752.000000
10052821 244.000000 -160.000000 16272.000000 -378.000000 5.000000 -6.000000 -2752.000000
10062747 116.000000 -168.000000 16428.000000 -356.000000 11.000000 -2.000000 -2752.000000
10072535 96.000000 -172.000000 16436.000000 -341.000000 -17.000000 10.000000 -2736.000000
10082501 16.000000 -188.000000 16452.000000 -394.000000 31.000000 19.000000 -2784.000000
10092516 72.000000 -120.000000 16608.000000 -382.000000 49.000000 21.000000 -2768.000000
10102475 100.000000 -108.000000 16372.000000 -385.000000 46.000000 19.000000 -2752.000000
10112432 96.000000 -148.000000 16364.000000 -381.000000 67.000000 4.000000 -2720.000000
10122313 20.000000 -128.000000 16332.000000 -351.000000 37.000000 15.000000 -2736.000000
10132302 52.000000 -120.000000 16316.000000 -324.000000 24.000000 253.000000 -2736.000000
10142282 4.000000 -164.000000 16396.000000 -342.000000 33.000000 -249.000000 -2784.000000
10152256 36.000000 -120.000000 16140.000000 -371.000000 26.000000 -3.000000 -2800.000000
10162232 96.000000 -148.000000 16536.000000 -390.000000 51.000000 -9.000000 -2752.000000
10172191 132.000000 -64.000000 16300.000000 -403.000000 30.000000 -33.000000 -2784.000000
10182168 96.000000 -168.000000 16636.000000 -409.000000 86.000000 -32.000000 -2768.000000
10192143 8.000000 -196.000000 16400.000000 -434.000000 104.000000 -22.000000 -2752.000000
10202095 76.000000 -80.000000 16312.000000 -422.000000 74.000000 -34.000000 -2736.000000
10211912 104.000000 -84.000000 16140.000000 -416.000000 68.000000 -14.000000 -2752.000000
10221872 12.000000 -208.000000 16136.000000 -373.000000 38.000000 -23.000000 -2704.000000
10231861 4.000000 -20.000000 16488.000000 -360.000000 47.000000 -11.000000 -2752.000000
10242077 32.000000 -164.000000 16512.000000 -358.000000 40.000000 250.000000 -2736.000000
10252048 -144.000000 -136.000000 16468.000000 -372.000000 -239.000000 254.000000 -2752.000000
10262034 20.000000 -88.000000 16600.000000 -386.000000 8.000000 -252.000000 -2752.000000
10272007 116.000000 -132.000000 16428.000000 -387.000000 69.000000 9.000000 -2736.000000
10281964 80.000000 -256.000000 16500.000000 -374.000000 71.000000 -31.000000 -2752.000000
10291920 68.000000 -148.000000 16556.000000 -381.000000 54.000000 -12.000000 -2736.000000
10301883 136.000000 -204.000000 16624.000000 -385.000000 56.000000 0.000000 -2768.000000
10311828 56.000000 -152.000000 16624.000000 -389.000000 60.000000 26.000000 -2720.000000
10321606 104.000000 -200.000000 16348.000000 -380.000000 16.000000 9.000000 -2736.000000
10331599 64.000000 -152.000000 16384.000000 -330.000000 5.000000 1.000000 -2752.000000
10341575 52.000000 -116.000000 16448.000000 -340.000000 -12.000000 -252.000000 -2768.000000
10351536 60.000000 -248.000000 16404.000000 -356.000000 -13.000000 251.000000 -2736.000000
10361523 -176.000000 -128.000000 16568.000000 -384.000000 25.000000 20.000000 -2752.000000
10371480 -256.000000 -152.000000 16228.000000 -411.000000 66.000000 -24.000000 -2768.000000
10381459 48.000000 -168.000000 16456.000000 -391.000000 66.000000 252.000000 -2752.000000
10391426 252.000000 -96.000000 16520.000000 -380.000000 57.000000 -255.000000 -2752.000000
10401389 240.000000 -204.000000 16432.000000 -354.000000 51.000000 6.000000 -2736.000000
10411362 28.000000 -188.000000 16256.000000 -334.000000 3.000000 -6.000000 -2784.000000
10421217 92.000000 -168.000000 16444.000000 -334.000000 25.000000 251.000000 -2736.000000
10431207 -252.000000 -172.000000 16136.000000 -341.000000 27.000000 251.000000 -2736.000000
10441182 28.000000 -28.000000 16400.000000 -398.000000 23.000000 2.000000 -2784.000000
10451165 132.000000 -40.000000 16500.000000 -392.000000 16.000000 -7.000000 -2784.000000
10461139 36.000000 -176.000000 16512.000000 -407.000000 65.000000 -10.000000 -2736.000000
10471119 172.000000 -96.000000 16504.000000 -408.000000 20.000000 -22.000000 -2784.000000
10481087 236.000000 -192.000000 16432.000000 -396.000000 38.000000 -16.000000 -2736.000000
10491098 48.000000 -60.000000 16532.000000 -408.000000 86.000000 -21.000000 -2752.000000
10501074 56.000000 -228.000000 16532.000000 -424.000000 97.000000 -21.000000 -2752.000000
10511024 80.000000 -168.000000 16388.000000 -399.000000 91.000000 -17.000000 -2768.000000
10520986 76.000000 -152.000000 16136.000000 -366.000000 44.000000 -1.000000 -2752.000000
10531113 84.000000 -152.000000 16140.000000 -361.000000 5.000000 -16.000000 -2752.000000
10541095 16.000000 -228.000000 16380.000000 -366.000000 14.000000 255.000000 -2768.000000
10551074 124.000000 -240.000000 16320.000000 -369.000000 -6.000000 -2.000000 -2752.000000
10561023 60.000000 -128.000000 16456.000000 -402.000000 19.000000 255.000000 -2752.000000
10570825 140.000000 -128.000000 16588.000000 -390.000000 44.000000 -15.000000 -2752.000000
10580796 40.000000 -8.000000 16612.000000 -386.000000 69.000000 -6.000000 -2736.000000
10590764 124.000000 -144.000000 16572.000000 -371.000000 81.000000 4.000000 -2768.000000
10600731 76.000000 -120.000000 16136.000000 -373.000000 61.000000 14.000000 -2784.000000
10610703 20.000000 -180.000000 16356.000000 -364.000000 21.000000 1.000000 -2736.000000
10620628 28.000000 -140.000000 16360.000000 -347.000000 39.000000 -7.000000 -2768.000000
10630383 48.000000 -92.000000 16564.000000 -338.000000 -238.000000 252.000000 -2752.000000
10640365 84.000000 -184.000000 16568.000000 -347.000000 -17.000000 -254.000000 -2704.000000
10650348 52.000000 -160.000000 16336.000000 -354.000000 4.000000 2.000000 -2752.000000
10660327 -228.000000 -168.000000 16616.000000 -380.000000 41.000000 -14.000000 -2768.000000
10670285 116.000000 -160.000000 16384.000000 -397.000000 52.000000 255.000000 -2752.000000
10680259 128.000000 -88.000000 16400.000000 -384.000000 51.000000 -3.000000 -2752.000000
10690894 48.000000 -128.000000 16452.000000 -372.000000 -240.000000 -9.000000 -2768.000000
10700910 88.000000 -212.000000 16384.000000 -351.000000 32.000000 8.000000 -2720.000000
10710675 -32.000000 -148.000000 16624.000000 -348.000000 28.000000 -10.000000 -2736.000000
10720430 76.000000 -104.000000 16428.000000 -351.000000 16.000000 255.000000 -2752.000000
10730340 -212.000000 -64.000000 16144.000000 -368.000000 36.000000 2.000000 -2752.000000
10740459 -36.000000 -96.000000 16376.000000 -387.000000 66.000000 252.000000 -2784.000000
10750444 76.000000 -188.000000 16428.000000 -407.000000 73.000000 -27.000000 -2768.000000
10760422 124.000000 -168.000000 16464.000000 -428.000000 79.000000 -15.000000 -2752.000000
10770401 -168.000000 -136.000000 16128.000000 -420.000000 91.000000 0.000000 -2768.000000
10780371 36.000000 -152.000000 16540.000000 -403.000000 94.000000 -1.000000 -2736.000000
10790333 84.000000 -108.000000 16496.000000 -417.000000 76.000000 -11.000000 -2752.000000
10800310 -256.000000 -160.000000 16492.000000 -398.000000 53.000000 -4.000000 -2752.000000
10810285 148.000000 -196.000000 16400.000000 -376.000000 37.000000 -8.000000 -2752.000000
10820055 -56.000000 -164.000000 16304.000000 -382.000000 14.000000 -10.000000 -2752.000000
10830016 -224.000000 -244.000000 16632.000000 -363.000000 -249.000000 6.000000 -2768.000000
10839809 44.000000 -160.000000 16268.000000 -371.000000 9.000000 -9.000000 -2736.000000
10849771 108.000000 -196.000000 16408.000000 -391.000000 57.000000 -16.000000 -2768.000000
10859741 76.000000 -92.000000 16440.000000 -404.000000 73.000000 -10.000000 -2752.000000
10869712 56.000000 -60.000000 16608.000000 -410.000000 68.000000 1.000000 -2768.000000
10879685 44.000000 -104.000000 16140.000000 -379.000000 51.000000 -256.000000 -2752.000000
10889646 -56.000000 -140.000000 16372.000000 -362.000000 47.000000 6.000000 -2768.000000
10899616 4.000000 -156.000000 16412.000000 -362.000000 1.000000 17.000000 -2768.000000
10909579 56.000000 -148.000000 16448.000000 -349.000000 247.000000 -241.000000 -2752.000000
10919565 244.000000 156.000000 16460.000000 -347.000000 -38.000000 -7.000000 -2768.000000
10929617 108.000000 -136.000000 16524.000000 -354.000000 29.000000 -10.000000 -2752.000000
10939604 24.000000 -220.000000 16380.000000 -406.000000 57.000000 6.000000 -2768.000000
10949581 88.000000 -168.000000 16212.000000 -368.000000 58.000000 -249.000000 -2752.000000
10959559 140.000000 -128.000000 16520.000000 -385.000000 58.000000 26.000000 -2736.000000
10969526 -4.000000 -116.000000 16380.000000 -373.000000 252.000000 -16.000000 -2752.000000
10979534 92.000000 -240.000000 16364.000000 -354.000000 12.000000 3.000000 -2736.000000
10989530 48.000000 -196.000000 16512.000000 -337.000000 20.000000 -10.000000 -2752.000000
10999537 172.000000 -164.000000 16204.000000 -383.000000 58.000000 10.000000 -2768.000000
11009546 244.000000 -192.000000 16360.000000 -402.000000 31.000000 -8.000000 -2752.000000
11019548 -24.000000 -120.000000 16556.000000 -415.000000 80.000000 -11.000000 -2784.000000
11029626 -16.000000 -68.000000 16288.000000 -427.000000 67.000000 -27.000000 -2720.000000
11039612 -20.000000 -200.000000 16380.000000 -381.000000 57.000000 -33.000000 -2736.000000
11049401 0.000000 -112.000000 16316.000000 -401.000000 49.000000 -17.000000 -2768.000000
11059334 16.000000 -124.000000 16412.000000 -424.000000 56.000000 -17.000000 -2736.000000
11069158 -12.000000 -168.000000 16168.000000 -424.000000 74.000000 -15.000000 -2768.000000
11079089 48.000000 -152.000000 16468.000000 -403.000000 63.000000 -15.000000 -2736.000000
11089071 -20.000000 -212.000000 16628.000000 -403.000000 65.000000 -10.000000 -2752.000000
11099036 -8.000000 -156.000000 16440.000000 -372.000000 41.000000 -6.000000 -2768.000000
11108999 32.000000 -100.000000 16496.000000 -379.000000 1.000000 7.000000 -2736.000000
11118974 80.000000 -144.000000 16460.000000 -372.000000 5.000000 253.000000 -2784.000000
11128936 84.000000 -144.000000 16128.000000 -354.000000 17.000000 -32.000000 -2768.000000
11138922 224.000000 -232.000000 16232.000000 -400.000000 37.000000 14.000000 -2784.000000
11149196 84.000000 -156.000000 16352.000000 -392.000000 74.000000 -12.000000 -2736.000000
11159179 44.000000 168.000000 16200.000000 -410.000000 68.000000 -16.000000 -2784.000000
11169157 8.000000 -192.000000 16404.000000 -382.000000 68.000000 7.000000 -2736.000000
11179144 8.000000 -92.000000 16292.000000 -375.000000 34.000000 -9.000000 -2736.000000
11189107 44.000000 -244.000000 16384.000000 -339.000000 -31.000000 -13.000000 -2752.000000
11199064 152.000000 -164.000000 16412.000000 -340.000000 10.000000 -7.000000 -2768.000000
11209023 36.000000 -156.000000 16440.000000 -340.000000 14.000000 -12.000000 -2736.000000
11219012 76.000000 -120.000000 16376.000000 -384.000000 38.000000 -12.000000 -2752.000000
11228979 44.000000 -208.000000 16432.000000 -383.000000 61.000000 6.000000 -2736.000000
11238958 116.000000 -164.000000 16548.000000 -425.000000 81.000000 9.000000 -2752.000000
11248941 56.000000 -172.000000 16364.000000 -378.000000 44.000000 254.000000 -2736.000000
11258739 96.000000 -204.000000 16544.000000 -349.000000 39.000000 5.000000 -2752.000000
11268664 36.000000 -240.000000 16144.000000 -333.000000 -17.000000 6.000000 -2736.000000
11278664 92.000000 -180.000000 16384.000000 -341.000000 -7.000000 10.000000 -2752.000000
11288637 128.000000 -120.000000 16392.000000 -387.000000 30.000000 -33.000000 -2752.000000
11298612 84.000000 -152.000000 16444.000000 -387.000000 55.000000 -252.000000 -2768.000000
11308572 112.000000 -36.000000 16380.000000 -424.000000 89.000000 12.000000 -2752.000000
11318386 56.000000 -112.000000 16408.000000 -418.000000 93.000000 6.000000 -2768.000000
11328305 100.000000 -204.000000 16416.000000 -421.000000 89.000000 6.000000 -2752.000000
11338265 80.000000 -188.000000 16384.000000 -396.000000 76.000000 -2.000000 -2752.000000
11348220 60.000000 -168.000000 16312.000000 -393.000000 51.000000 -34.000000 -2736.000000
11358187 48.000000 -156.000000 16168.000000 -379.000000 37.000000 -22.000000 -2752.000000
11368125 236.000000 -144.000000 16472.000000 -394.000000 37.000000 -4.000000 -2752.000000
11378127 64.000000 -120.000000 16436.000000 -377.000000 61.000000 -22.000000 -2768.000000
11388118 36.000000 -252.000000 16360.000000 -382.000000 60.000000 -254.000000 -2752.000000
11398138 36.000000 -156.000000 16392.000000 -389.000000 71.000000 -255.000000 -2768.000000
11408121 8.000000 -128.000000 16416.000000 -384.000000 79.000000 -11.000000 -2752.000000
11418126 60.000000 -144.000000 16400.000000 -370.000000 38.000000 4.000000 -2736.000000
11428214 76.000000 -204.000000 16480.000000 -384.000000 31.000000 -14.000000 -2768.000000
11438035 212.000000 -140.000000 16328.000000 -374.000000 13.000000 12.000000 -2736.000000
11447956 16.000000 -200.000000 16620.000000 -371.000000 48.000000 0.000000 -2736.000000
11457968 48.000000 -220.000000 16256.000000 -379.000000 40.000000 5.000000 -2784.000000
11467808 -128.000000 -136.000000 16580.000000 -383.000000 36.000000 2.000000 -2752.000000
11477710 40.000000 -132.000000 16512.000000 -355.000000 27.000000 -253.000000 -2752.000000
11487678 252.000000 -236.000000 16588.000000 -376.000000 52.000000 -11.000000 -2752.000000
11497658 -224.000000 -128.000000 16428.000000 -379.000000 53.000000 -9.000000 -2752.000000
11507619 8.000000 -172.000000 16636.000000 -382.000000 40.000000 14.000000 -2720.000000
11517603 72.000000 -176.000000 16468.000000 -390.000000 69.000000 -7.000000 -2736.000000
11527449 32.000000 -188.000000 16420.000000 -363.000000 52.000000 8.000000 -2768.000000
11537339 52.000000 -212.000000 16476.000000 -348.000000 21.000000 -10.000000 -2768.000000
11547316 28.000000 -204.000000 16544.000000 -333.000000 14.000000 -254.000000 -2752.000000
11557292 -12.000000 -120.000000 16264.000000 -363.000000 -13.000000 -3.000000 -2736.000000
11567140 -16.000000 -48.000000 16460.000000 -398.000000 43.000000 -14.000000 -2752.000000
11577040 112.000000 -124.000000 16552.000000 -404.000000 89.000000 9.000000 -2720.000000
11586991 72.000000 -120.000000 16448.000000 -425.000000 73.000000 -251.000000 -2768.000000
11596851 32.000000 -32.000000 16436.000000 -405.000000 95.000000 -252.000000 -2736.000000
11607023 80.000000 -120.000000 16596.000000 -403.000000 75.000000 -11.000000 -2768.000000
11617020 40.000000 -168.000000 16624.000000 -373.000000 64.000000 1.000000 -2752.000000
11626871 96.000000 -112.000000 16180.000000 -387.000000 88.000000 3.000000 -2784.000000
11636815 80.000000 -128.000000 16452.000000 -361.000000 59.000000 19.000000 -2752.000000
11646803 216.000000 -108.000000 16292.000000 -392.000000 59.000000 -3.000000 -2720.000000
11656758 68.000000 -100.000000 16480.000000 -392.000000 80.000000 -9.000000 -2752.000000
11666736 28.000000 -212.000000 16340.000000 -391.000000 37.000000 19.000000 -2768.000000
11676591 8.000000 -140.000000 16468.000000 -375.000000 35.000000 -11.000000 -2768.000000
11686417 -36.000000 -152.000000 16600.000000 -366.000000 50.000000 -19.000000 -2736.000000
11696392 88.000000 -128.000000 16616.000000 -391.000000 76.000000 -16.000000 -2768.000000
11706357 64.000000 -236.000000 16628.000000 -384.000000 66.000000 1.000000 -2752.000000
11716335 96.000000 -172.000000 16356.000000 -373.000000 90.000000 17.000000 -2768.000000
11726204 -148.000000 -120.000000 16352.000000 -376.000000 37.000000 -11.000000 -2768.000000
11736099 76.000000 -116.000000 16444.000000 -346.000000 19.000000 -252.000000 -2768.000000
11746083 24.000000 -160.000000 16332.000000 -347.000000 -22.000000 -255.000000 -2752.000000
11755962 80.000000 -132.000000 16396.000000 -368.000000 -17.000000 -21.000000 -2720.000000
11765820 76.000000 -196.000000 16372.000000 -369.000000 45.000000 -8.000000 -2752.000000
11775803 84.000000 -132.000000 16448.000000 -399.000000 79.000000 7.000000 -2736.000000
11785775 40.000000 -252.000000 16600.000000 -392.000000 84.000000 15.000000 -2736.000000
11795738 -176.000000 -136.000000 16488.000000 -396.000000 92.000000 15.000000 -2752.000000
11805712 -20.000000 -148.000000 16624.000000 -352.000000 15.000000 15.000000 -2768.000000
11815600 56.000000 -128.000000 16304.000000 -341.000000 -255.000000 2.000000 -2768.000000
11825383 132.000000 -124.000000 16500.000000 -327.000000 15.000000 -15.000000 -2752.000000
11835221 136.000000 -152.000000 16612.000000 -386.000000 32.000000 -37.000000 -2752.000000
11845222 60.000000 -224.000000 16496.000000 -391.000000 87.000000 6.000000 -2736.000000
11855201 0.000000 -196.000000 16448.000000 -433.000000 117.000000 -248.000000 -2752.000000
11865173 60.000000 -160.000000 16204.000000 -432.000000 94.000000 -11.000000 -2768.000000
11875144 60.000000 -144.000000 16592.000000 -392.000000 76.000000 -19.000000 -2736.000000
11885054 -60.000000 -132.000000 16424.000000 -396.000000 67.000000 244.000000 -2752.000000
11894916 124.000000 -136.000000 16444.000000 -357.000000 74.000000 -7.000000 -2736.000000
11904881 84.000000 -132.000000 16612.000000 -391.000000 51.000000 -11.000000 -2784.000000
11914857 104.000000 -128.000000 16540.000000 -396.000000 43.000000 18.000000 -2768.000000
11924763 132.000000 -216.000000 16344.000000 -392.000000 76.000000 -4.000000 -2736.000000
11934679 112.000000 -108.000000 16408.000000 -366.000000 62.000000 1.000000 -2752.000000
11944663 -120.000000 -216.000000 16340.000000 -364.000000 21.000000 11.000000 -2720.000000
11954631 232.000000 -128.000000 16484.000000 -384.000000 34.000000 5.000000 -2736.000000
11964608 -20.000000 -192.000000 16576.000000 -368.000000 49.000000 250.000000 -2752.000000
11974629 8.000000 -136.000000 16176.000000 -375.000000 57.000000 1.000000 -2768.000000
11984619 -188.000000 -188.000000 16584.000000 -408.000000 76.000000 13.000000 -2752.000000
11994626 -236.000000 -136.000000 16140.000000 -400.000000 57.000000 -5.000000 -2768.000000
12004598 92.000000 -120.000000 16576.000000 -351.000000 50.000000 -4.000000 -2720.000000
12014553 76.000000 -212.000000 16304.000000 -352.000000 244.000000 -18.000000 -2736.000000
12024483 32.000000 -144.000000 16460.000000 -344.000000 -30.000000 -13.000000 -2736.000000
12034307 104.000000 -136.000000 16308.000000 -339.000000 33.000000 -26.000000 -2736.000000
12044303 196.000000 -108.000000 16444.000000 -365.000000 39.000000 -11.000000 -2752.000000
12059955 48.000000 -124.000000 16524.000000 -374.000000 84.000000 -33.000000 -2752.000000
12069785 32.000000 -128.000000 16432.000000 -393.000000 86.000000 -245.000000 -2752.000000
12079749 52.000000 -144.000000 16384.000000 -374.000000 56.000000 13.000000 -2768.000000
12089739 -12.000000 -36.000000 16368.000000 -335.000000 25.000000 -19.000000 -2752.000000
12099541 -172.000000 -100.000000 16516.000000 -340.000000 47.000000 -256.000000 -2768.000000
12109484 72.000000 -72.000000 16440.000000 -344.000000 33.000000 -17.000000 -2752.000000
12119441 84.000000 -104.000000 16428.000000 -390.000000 29.000000 -3.000000 -2752.000000
12129249 136.000000 -252.000000 16352.000000 -404.000000 81.000000 -252.000000 -2752.000000
12139198 12.000000 -156.000000 16480.000000 -433.000000 99.000000 22.000000 -2752.000000
12149181 4.000000 -32.000000 16148.000000 -406.000000 86.000000 247.000000 -2736.000000
12159150 -36.000000 -228.000000 16592.000000 -385.000000 64.000000 0.000000 -2784.000000
12169115 52.000000 -68.000000 16200.000000 -397.000000 83.000000 -19.000000 -2752.000000
12179094 -12.000000 -128.000000 16452.000000 -402.000000 81.000000 -9.000000 -2752.000000
12189066 80.000000 -92.000000 16504.000000 -382.000000 52.000000 251.000000 -2752.000000
12199020 48.000000 -160.000000 16500.000000 -383.000000 39.000000 -10.000000 -2736.000000
12208975 20.000000 -88.000000 16476.000000 -367.000000 23.000000 -29.000000 -2784.000000
12218940 76.000000 -164.000000 16380.000000 -386.000000 25.000000 -5.000000 -2768.000000
12228784 88.000000 -168.000000 16584.000000 -380.000000 36.000000 -11.000000 -2752.000000
12238692 76.000000 -180.000000 16372.000000 -373.000000 41.000000 -12.000000 -2768.000000
12248697 32.000000 -116.000000 16528.000000 -386.000000 82.000000 237.000000 -2784.000000
12258665 -60.000000 -136.000000 16324.000000 -383.000000 70.000000 -5.000000 -2784.000000
12268627 68.000000 -148.000000 16440.000000 -373.000000 93.000000 253.000000 -2768.000000
12278612 52.000000 -224.000000 16436.000000 -367.000000 65.000000 34.000000 -2752.000000
12288580 -212.000000 -220.000000 16400.000000 -341.000000 15.000000 -5.000000 -2784.000000
12298549 236.000000 -168.000000 16504.000000 -355.000000 11.000000 -19.000000 -2752.000000
12308363 32.000000 -112.000000 16596.000000 -357.000000 24.000000 -9.000000 -2736.000000
12318122 52.000000 -160.000000 16128.000000 -386.000000 74.000000 4.000000 -2784.000000
12327919 124.000000 -148.000000 16372.000000 -396.000000 79.000000 -255.000000 -2720.000000
12337830 252.000000 -160.000000 16624.000000 -392.000000 87.000000 -2.000000 -2752.000000
12347813 84.000000 -100.000000 16504.000000 -367.000000 81.000000 -26.000000 -2784.000000
12357781 -196.000000 -100.000000 16392.000000 -362.000000 33.000000 2.000000 -2736.000000
12367760 84.000000 -160.000000 16440.000000 -348.000000 43.000000 249.000000 -2752.000000
12377737 100.000000 -212.000000 16460.000000 -330.000000 53.000000 -2.000000 -2736.000000
12387692 0.000000 -16.000000 16620.000000 -352.000000 73.000000 -15.000000 -2752.000000
12397659 48.000000 -180.000000 16456.000000 -383.000000 56.000000 -245.000000 -2768.000000
12407625 64.000000 -116.000000 16404.000000 -392.000000 87.000000 -27.000000 -2736.000000
12417606 40.000000 -100.000000 16372.000000 -410.000000 79.000000 10.000000 -2752.000000
12427492 76.000000 -168.000000 16364.000000 -438.000000 104.000000 -16.000000 -2752.000000
12437455 40.000000 -168.000000 16636.000000 -419.000000 124.000000 -17.000000 -2736.000000
12447427 200.000000 -224.000000 16592.000000 -413.000000 89.000000 -9.000000 -2720.000000
12457442 204.000000 -236.000000 16520.000000 -387.000000 61.000000 -3.000000 -2768.000000
12467445 84.000000 -220.000000 16424.000000 -380.000000 50.000000 -19.000000 -2720.000000
12477435 116.000000 -76.000000 16152.000000 -354.000000 38.000000 4.000000 -2736.000000
12487419 -100.000000 -20.000000 16500.000000 -367.000000 3.000000 -256.000000 -2752.000000
12497427 100.000000 -164.000000 16344.000000 -384.000000 28.000000 4.000000 -2736.000000
12507443 84.000000 -108.000000 16336.000000 -391.000000 38.000000 -13.000000 -2784.000000
12517590 40.000000 -68.000000 16500.000000 -412.000000 77.000000 25.000000 -2752.000000
12527475 104.000000 -268.000000 16224.000000 -387.000000 66.000000 0.000000 -2752.000000
12537384 204.000000 -172.000000 16512.000000 -365.000000 36.000000 -5.000000 -2752.000000
12547381 216.000000 -116.000000 16532.000000 -352.000000 34.000000 245.000000 -2720.000000
12557336 68.000000 -212.000000 16520.000000 -358.000000 31.000000 249.000000 -2720.000000
12567208 28.000000 -120.000000 16496.000000 -380.000000 11.000000 1.000000 -2752.000000
12577116 100.000000 -172.000000 16420.000000 -396.000000 56.000000 -1.000000 -2768.000000
12587100 144.000000 -136.000000 16304.000000 -369.000000 42.000000 2.000000 -2768.000000
12597072 36.000000 -160.000000 16408.000000 -362.000000 16.000000 -252.000000 -2752.000000
12607044 84.000000 -128.000000 16576.000000 -349.000000 42.000000 4.000000 -2768.000000
12617008 116.000000 -16.000000 16472.000000 -366.000000 -254.000000 -15.000000 -2784.000000
12626899 104.000000 -128.000000 16396.000000 -365.000000 18.000000 -253.000000 -2720.000000
12636822 84.000000 -180.000000 16392.000000 -382.000000 67.000000 9.000000 -2752.000000
12646810 132.000000 -140.000000 16416.000000 -384.000000 43.000000 246.000000 -2736.000000
12656786 -144.000000 -88.000000 16516.000000 -371.000000 62.000000 253.000000 -2720.000000
12666754 -136.000000 -188.000000 16488.000000 -382.000000 65.000000 0.000000 -2768.000000
12676734 92.000000 -32.000000 16536.000000 -412.000000 68.000000 -7.000000 -2784.000000
12686739 44.000000 -156.000000 16636.000000 -389.000000 41.000000 -6.000000 -2736.000000
12696747 40.000000 -144.000000 16440.000000 -385.000000 76.000000 -2.000000 -2752.000000
12706728 48.000000 -144.000000 16444.000000 -411.000000 84.000000 8.000000 -2736.000000
12716724 52.000000 -256.000000 16404.000000 -378.000000 94.000000 -3.000000 -2720.000000
12726628 44.000000 -112.000000 16296.000000 -399.000000 54.000000 -15.000000 -2720.000000
12736510 52.000000 -128.000000 16356.000000 -416.000000 91.000000 -10.000000 -2752.000000
12746509 164.000000 -140.000000 16408.000000 -389.000000 55.000000 -251.000000 -2736.000000
12756479 144.000000 -160.000000 16180.000000 -398.000000 57.000000 252.000000 -2752.000000
12766465 212.000000 -156.000000 16392.000000 -376.000000 57.000000 -14.000000 -2752.000000
12776435 16.000000 -108.000000 16136.000000 -393.000000 76.000000 -28.000000 -2752.000000
12786405 96.000000 -128.000000 16388.000000 -379.000000 64.000000 -10.000000 -2752.000000
12796280 88.000000 -92.000000 16428.000000 -382.000000 43.000000 16.000000 -2768.000000
12806230 24.000000 -180.000000 16480.000000 -403.000000 54.000000 243.000000 -2768.000000
12816115 52.000000 -128.000000 16404.000000 -355.000000 29.000000 -251.000000 -2736.000000
12825993 52.000000 -72.000000 16628.000000 -355.000000 30.000000 13.000000 -2768.000000
12835855 36.000000 -128.000000 16416.000000 -375.000000 21.000000 255.000000 -2768.000000
12845831 108.000000 -108.000000 16484.000000 -375.000000 25.000000 -8.000000 -2752.000000
12855777 8.000000 -168.000000 16472.000000 -373.000000 48.000000 21.000000 -2768.000000
12865754 0.000000 -68.000000 16264.000000 -379.000000 55.000000 -14.000000 -2736.000000
12875738 108.000000 -156.000000 16408.000000 -374.000000 31.000000 -35.000000 -2752.000000
12885715 28.000000 -192.000000 16556.000000 -366.000000 8.000000 -4.000000 -2768.000000
12895693 228.000000 -176.000000 16156.000000 -362.000000 38.000000 255.000000 -2784.000000
12905652 92.000000 -200.000000 16636.000000 -350.000000 9.000000 -251.000000 -2784.000000
12915620 84.000000 -128.000000 16596.000000 -365.000000 61.000000 245.000000 -2784.000000
12925563 44.000000 -112.000000 16556.000000 -372.000000 48.000000 251.000000 -2720.000000
12935322 0.000000 -120.000000 16480.000000 -358.000000 50.000000 -4.000000 -2768.000000
12945175 116.000000 -100.000000 16436.000000 -371.000000 54.000000 -2.000000 -2768.000000
12955156 28.000000 -168.000000 16624.000000 -375.000000 49.000000 3.000000 -2752.000000
12965363 104.000000 -128.000000 16468.000000 -378.000000 39.000000 -19.000000 -2768.000000
12975318 168.000000 -176.000000 16408.000000 -392.000000 53.000000 2.000000 -2768.000000
12985228 68.000000 -116.000000 16500.000000 -405.000000 68.000000 -11.000000 -2752.000000
12995167 72.000000 -204.000000 16396.000000 -403.000000 94.000000 10.000000 -2752.000000
13005124 180.000000 -60.000000 16436.000000 -427.000000 75.000000 255.000000 -2768.000000
13015062 88.000000 -208.000000 16440.000000 -376.000000 46.000000 -255.000000 -2704.000000
13025147 56.000000 -80.000000 16336.000000 -352.000000 40.000000 -10.000000 -2736.000000
13034994 148.000000 -232.000000 16432.000000 -353.000000 9.000000 -18.000000 -2752.000000
13044979 104.000000 -156.000000 16456.000000 -373.000000 46.000000 -1.000000 -2720.000000
13054960 52.000000 -156.000000 16628.000000 -398.000000 34.000000 -20.000000 -2768.000000
13064873 40.000000 -36.000000 16216.000000 -391.000000 86.000000 251.000000 -2736.000000
13074716 28.000000 -188.000000 16628.000000 -375.000000 65.000000 -12.000000 -2768.000000
13084689 16.000000 -104.000000 16428.000000 -376.000000 28.000000 3.000000 -2768.000000
13094655 20.000000 -124.000000 16388.000000 -337.000000 31.000000 7.000000 -2752.000000
13104606 88.000000 -64.000000 16440.000000 -359.000000 24.000000 8.000000 -2736.000000
13114622 232.000000 -100.000000 16408.000000 -338.000000 1.000000 -9.000000 -2752.000000
13124641 -40.000000 -252.000000 16436.000000 -371.000000 2.000000 6.000000 -2768.000000
13134474 0.000000 -208.000000 16356.000000 -384.000000 28.000000 0.000000 -2768.000000
13144393 12.000000 -144.000000 16428.000000 -364.000000 69.000000 -245.000000 -2768.000000
13154238 60.000000 -164.000000 16128.000000 -382.000000 45.000000 -1.000000 -2736.000000
13164224 40.000000 -132.000000 16444.000000 -400.000000 60.000000 11.000000 -2752.000000
13174205 84.000000 -112.000000 16132.000000 -354.000000 39.000000 12.000000 -2752.000000
13184154 56.000000 -120.000000 16448.000000 -344.000000 -2.000000 13.000000 -2736.000000
13194123 96.000000 -200.000000 16520.000000 -346.000000 1.000000 -256.000000 -2720.000000
13204104 92.000000 -164.000000 16404.000000 -366.000000 255.000000 255.000000 -2736.000000
13214077 108.000000 -140.000000 16380.000000 -376.000000 48.000000 -4.000000 -2720.000000
13224037 152.000000 -84.000000 16432.000000 -409.000000 99.000000 -7.000000 -2768.000000
13233857 20.000000 -48.000000 16480.000000 -437.000000 124.000000 0.000000 -2752.000000
13243821 -68.000000 -204.000000 16372.000000 -397.000000 99.000000 -28.000000 -2736.000000
13253806 252.000000 -236.000000 16368.000000 -389.000000 79.000000 -5.000000 -2752.000000
13263789 44.000000 -128.000000 16596.000000 -391.000000 22.000000 -3.000000 -2768.000000
13273740 216.000000 -164.000000 16384.000000 -373.000000 24.000000 -3.000000 -2768.000000
13283736 100.000000 -136.000000 16136.000000 -391.000000 32.000000 -2.000000 -2752.000000
13293691 64.000000 -140.000000 16632.000000 -392.000000 32.000000 16.000000 -2768.000000
13303662 152.000000 -120.000000 16556.000000 -403.000000 74.000000 6.000000 -2720.000000
13313585 72.000000 -192.000000 16536.000000 -415.000000 71.000000 4.000000 -2752.000000
13323401 96.000000 -248.000000 16412.000000 -393.000000 55.000000 -252.000000 -2784.000000
13333287 0.000000 -200.000000 16584.000000 -365.000000 43.000000 -1.000000 -2752.000000
13343261 244.000000 -144.000000 16248.000000 -381.000000 -10.000000 255.000000 -2736.000000
13353203 84.000000 -168.000000 16188.000000 -356.000000 19.000000 -255.000000 -2736.000000
13363006 52.000000 -100.000000 16524.000000 -353.000000 43.000000 245.000000 -2736.000000
13372979 76.000000 -244.000000 16308.000000 -358.000000 31.000000 8.000000 -2736.000000
13382933 4.000000 -180.000000 16344.000000 -355.000000 41.000000 -4.000000 -2784.000000
13392873 28.000000 -92.000000 16508.000000 -359.000000 53.000000 -6.000000 -2736.000000
13402829 -8.000000 -216.000000 16356.000000 -383.000000 9.000000 -2.000000 -2768.000000
13412779 136.000000 -72.000000 16500.000000 -391.000000 4.000000 8.000000 -2720.000000
13423009 -56.000000 -120.000000 16496.000000 -370.000000 29.000000 -14.000000 -2752.000000
13432870 244.000000 -188.000000 16636.000000 -363.000000 50.000000 31.000000 -2752.000000
13442844 208.000000 -80.000000 16516.000000 -379.000000 37.000000 4.000000 -2784.000000
13452808 204.000000 -120.000000 16144.000000 -345.000000 20.000000 240.000000 -2720.000000
13462780 60.000000 -172.000000 16412.000000 -363.000000 34.000000 6.000000 -2768.000000
13472735 32.000000 -104.000000 16308.000000 -376.000000 36.000000 11.000000 -2752.000000
13482690 84.000000 -172.000000 16416.000000 -363.000000 64.000000 8.000000 -2752.000000
13492642 140.000000 -104.000000 16472.000000 -394.000000 90.000000 -13.000000 -2736.000000
13502583 96.000000 -164.000000 16400.000000 -414.000000 58.000000 245.000000 -2720.000000
13512508 84.000000 -140.000000 16332.000000 -395.000000 31.000000 3.000000 -2752.000000
13522301 252.000000 -148.000000 16344.000000 -389.000000 35.000000 -249.000000 -2768.000000
13532167 40.000000 -208.000000 16460.000000 -378.000000 53.000000 -10.000000 -2768.000000
13542150 132.000000 -228.000000 16372.000000 -391.000000 76.000000 0.000000 -2752.000000
13552125 104.000000 -160.000000 16476.000000 -363.000000 46.000000 242.000000 -2768.000000
13562095 16.000000 -176.000000 16588.000000 -379.000000 64.000000 9.000000 -2752.000000
13571936 60.000000 -100.000000 16444.000000 -373.000000 60.000000 -14.000000 -2736.000000
13581921 196.000000 -192.000000 16484.000000 -374.000000 47.000000 -10.000000 -2752.000000
13591867 32.000000 -80.000000 16372.000000 -384.000000 48.000000 253.000000 -2736.000000
13601632 108.000000 -104.000000 16524.000000 -396.000000 44.000000 15.000000 -2784.000000
13611622 32.000000 -132.000000 16416.000000 -387.000000 54.000000 0.000000 -2752.000000
13621589 48.000000 -64.000000 16588.000000 -363.000000 52.000000 254.000000 -2752.000000
13631451 108.000000 -148.000000 16460.000000 -373.000000 24.000000 -13.000000 -2720.000000
13641432 84.000000 -160.000000 16436.000000 -342.000000 5.000000 8.000000 -2752.000000
13651407 56.000000 -132.000000 16248.000000 -329.000000 0.000000 3.000000 -2736.000000
13661373 8.000000 -168.000000 16604.000000 -369.000000 26.000000 -9.000000 -2784.000000
13671345 24.000000 -504.000000 16372.000000 -359.000000 15.000000 10.000000 -2736.000000
13681306 252.000000 -100.000000 16444.000000 -381.000000 45.000000 23.000000 -2736.000000
13691283 32.000000 -164.000000 16544.000000 -383.000000 29.000000 246.000000 -2752.000000
13701260 236.000000 -116.000000 16180.000000 -355.000000 31.000000 -14.000000 -2768.000000
13711235 84.000000 -44.000000 16356.000000 -367.000000 10.000000 8.000000 -2752.000000
13721202 252.000000 -84.000000 16468.000000 -352.000000 8.000000 1.000000 -2752.000000
13731160 0.000000 -80.000000 16144.000000 -374.000000 33.000000 18.000000 -2752.000000
13741133 72.000000 -176.000000 16628.000000 -384.000000 50.000000 -13.000000 -2720.000000
13751107 -248.000000 -180.000000 16356.000000 -376.000000 37.000000 -5.000000 -2736.000000
13761082 84.000000 -160.000000 16392.000000 -417.000000 54.000000 -39.000000 -2720.000000
13771029 76.000000 -80.000000 16448.000000 -395.000000 94.000000 -17.000000 -2736.000000
13780839 12.000000 -72.000000 16484.000000 -424.000000 79.000000 -14.000000 -2784.000000
13790808 -48.000000 -128.000000 16548.000000 -389.000000 41.000000 -17.000000 -2736.000000
13800780 60.000000 -76.000000 16360.000000 -387.000000 81.000000 -253.000000 -2752.000000
13810752 240.000000 -108.000000 16392.000000 -396.000000 57.000000 5.000000 -2720.000000
13820522 28.000000 -184.000000 16552.000000 -377.000000 65.000000 8.000000 -2752.000000
13830392 60.000000 -84.000000 16372.000000 -383.000000 18.000000 0.000000 -2720.000000
13840146 196.000000 -148.000000 16340.000000 -386.000000 41.000000 -7.000000 -2736.000000
13850143 72.000000 -248.000000 16316.000000 -363.000000 252.000000 -33.000000 -2736.000000
13860133 80.000000 -84.000000 16324.000000 -387.000000 32.000000 -6.000000 -2752.000000
13870105 4.000000 -192.000000 16420.000000 -368.000000 58.000000 -3.000000 -2736.000000
13880350 144.000000 -140.000000 16232.000000 -393.000000 56.000000 250.000000 -2752.000000
13890330 -128.000000 -148.000000 16620.000000 -396.000000 34.000000 14.000000 -2736.000000
13900299 108.000000 -180.000000 16468.000000 -378.000000 36.000000 4.000000 -2752.000000
13910278 -32.000000 -152.000000 16408.000000 -366.000000 11.000000 3.000000 -2736.000000
13920103 -168.000000 -228.000000 16456.000000 -325.000000 -28.000000 -7.000000 -2752.000000
13931226 12.000000 -144.000000 16500.000000 -355.000000 23.000000 11.000000 -2768.000000
13941424 16.000000 -144.000000 16408.000000 -387.000000 36.000000 7.000000 -2752.000000
13951722 92.000000 -36.000000 16480.000000 -386.000000 47.000000 -1.000000 -2752.000000
13961710 -172.000000 -116.000000 16540.000000 -400.000000 69.000000 -23.000000 -2736.000000
13971714 136.000000 -124.000000 16424.000000 -392.000000 46.000000 243.000000 -2752.000000
13981707 28.000000 -152.000000 16388.000000 -362.000000 22.000000 246.000000 -2736.000000
13991486 44.000000 -116.000000 16148.000000 -363.000000 13.000000 -10.000000 -2720.000000
14001461 112.000000 -180.000000 16440.000000 -372.000000 43.000000 -11.000000 -2736.000000
14011464 -92.000000 -124.000000 16488.000000 -384.000000 62.000000 -17.000000 -2752.000000
14021425 -172.000000 -156.000000 16384.000000 -392.000000 48.000000 -12.000000 -2736.000000
14031302 120.000000 -132.000000 16136.000000 -410.000000 39.000000 -21.000000 -2768.000000
14041303 240.000000 -224.000000 16576.000000 -396.000000 85.000000 -20.000000 -2752.000000
14051284 -244.000000 -200.000000 16404.000000 -406.000000 51.000000 -255.000000 -2768.000000
14061267 104.000000 -136.000000 16192.000000 -403.000000 42.000000 -255.000000 -2784.000000
14071012 72.000000 -96.000000 16528.000000 -381.000000 31.000000 -16.000000 -2736.000000
14081096 72.000000 -232.000000 16444.000000 -378.000000 39.000000 -8.000000 -2752.000000
14091098 132.000000 -368.000000 16464.000000 -383.000000 38.000000 -3.000000 -2736.000000
14101102 144.000000 -136.000000 16608.000000 -382.000000 31.000000 254.000000 -2752.000000
14111088 36.000000 -188.000000 16388.000000 -391.000000 24.000000 -21.000000 -2736.000000
14121026 224.000000 -132.000000 16468.000000 -382.000000 67.000000 -254.000000 -2752.000000
14130956 48.000000 -148.000000 16368.000000 -385.000000 27.000000 255.000000 -2752.000000
14141087 68.000000 -184.000000 16508.000000 -385.000000 47.000000 -11.000000 -2720.000000
14151108 60.000000 -172.000000 16388.000000 -377.000000 21.000000 14.000000 -2736.000000
14161108 64.000000 -144.000000 16452.000000 -344.000000 46.000000 18.000000 -2752.000000
14171099 116.000000 -192.000000 16328.000000 -360.000000 19.000000 -9.000000 -2784.000000
14181099 -72.000000 -184.000000 16264.000000 -372.000000 255.000000 -11.000000 -2720.000000
14191104 252.000000 -140.000000 16580.000000 -395.000000 60.000000 -4.000000 -2768.000000
14200869 36.000000 -104.000000 16380.000000 -410.000000 67.000000 -7.000000 -2736.000000
14210829 88.000000 -68.000000 16132.000000 -422.000000 67.000000 -17.000000 -2720.000000
14220811 -168.000000 -164.000000 16204.000000 -393.000000 76.000000 -31.000000 -2752.000000
14230703 72.000000 -156.000000 16552.000000 -376.000000 77.000000 0.000000 -2752.000000
14240660 76.000000 -184.000000 16284.000000 -381.000000 47.000000 -13.000000 -2736.000000
14250635 -48.000000 -252.000000 16392.000000 -357.000000 -3.000000 -9.000000 -2752.000000
14260601 52.000000 -184.000000 16436.000000 -381.000000 55.000000 -2.000000 -2768.000000
14270558 0.000000 -184.000000 16356.000000 -352.000000 26.000000 13.000000 -2752.000000
14280522 128.000000 -176.000000 16560.000000 -350.000000 252.000000 2.000000 -2752.000000
14290484 124.000000 -104.000000 16408.000000 -351.000000 43.000000 -6.000000 -2736.000000
14300453 56.000000 -8.000000 16312.000000 -358.000000 53.000000 19.000000 -2752.000000
14310419 76.000000 -136.000000 16404.000000 -379.000000 36.000000 -254.000000 -2752.000000
14320191 92.000000 -96.000000 16148.000000 -349.000000 25.000000 252.000000 -2784.000000
14330082 248.000000 -160.000000 16296.000000 -363.000000 0.000000 -256.000000 -2752.000000
14340364 72.000000 -224.000000 16568.000000 -371.000000 48.000000 -256.000000 -2736.000000
14350351 172.000000 -124.000000 16608.000000 -391.000000 21.000000 -4.000000 -2752.000000
14360323 168.000000 164.000000 16444.000000 -397.000000 60.000000 -252.000000 -2736.000000
14370286 -24.000000 -180.000000 16220.000000 -422.000000 50.000000 0.000000 -2736.000000
14380257 -16.000000 -172.000000 16360.000000 -395.000000 49.000000 -8.000000 -2720.000000
14390277 120.000000 -188.000000 16544.000000 -357.000000 23.000000 254.000000 -2736.000000
14400274 244.000000 -152.000000 16364.000000 -343.000000 -240.000000 -1.000000 -2752.000000
14410080 -84.000000 -120.000000 16132.000000 -341.000000 -10.000000 7.000000 -2752.000000
14420023 92.000000 -196.000000 16472.000000 -352.000000 2.000000 -3.000000 -2752.000000
14429948 36.000000 -216.000000 16476.000000 -399.000000 57.000000 -24.000000 -2704.000000
14439907 96.000000 -100.000000 16592.000000 -404.000000 73.000000 -14.000000 -2768.000000
14449880 108.000000 -100.000000 16560.000000 -394.000000 127.000000 -6.000000 -2784.000000
14459835 176.000000 -164.000000 16416.000000 -403.000000 82.000000 -18.000000 -2752.000000
14469795 -12.000000 -168.000000 16176.000000 -371.000000 35.000000 -31.000000 -2752.000000
14479748 36.000000 -100.000000 16600.000000 -358.000000 57.000000 -19.000000 -2752.000000
14489691 112.000000 -152.000000 16416.000000 -396.000000 54.000000 -26.000000 -2704.000000
14499649 52.000000 -220.000000 16460.000000 -365.000000 30.000000 -253.000000 -2768.000000
14509559 28.000000 -124.000000 16416.000000 -398.000000 66.000000 -14.000000 -2752.000000
14519575 128.000000 -456.000000 16448.000000 -409.000000 125.000000 245.000000 -2736.000000
14529529 -140.000000 -192.000000 16364.000000 -408.000000 29.000000 6.000000 -2752.000000
14539449 32.000000 -192.000000 16364.000000 -386.000000 54.000000 -18.000000 -2752.000000
14549439 36.000000 -84.000000 16476.000000 -396.000000 84.000000 -16.000000 -2768.000000
14559410 16.000000 -188.000000 16132.000000 -406.000000 65.000000 -16.000000 -2752.000000
14569216 128.000000 -136.000000 16196.000000 -387.000000 30.000000 9.000000 -2736.000000
14579143 116.000000 -224.000000 16488.000000 -378.000000 53.000000 -20.000000 -2736.000000
14589112 -220.000000 -196.000000 16400.000000 -375.000000 40.000000 -254.000000 -2752.000000
14599071 108.000000 -160.000000 16144.000000 -389.000000 43.000000 -31.000000 -2736.000000
14609033 20.000000 -80.000000 16448.000000 -371.000000 10.000000 -10.000000 -2752.000000
14618860 112.000000 -224.000000 16128.000000 -375.000000 84.000000 -245.000000 -2768.000000
14628790 52.000000 -148.000000 16232.000000 -398.000000 47.000000 -8.000000 -2752.000000
14638716 68.000000 -140.000000 16452.000000 -398.000000 41.000000 11.000000 -2784.000000
14648704 -40.000000 -468.000000 16436.000000 -378.000000 83.000000 11.000000 -2704.000000
14658694 0.000000 -132.000000 16204.000000 -401.000000 103.000000 -14.000000 -2752.000000
14668668 76.000000 -116.000000 16416.000000 -377.000000 48.000000 6.000000 -2768.000000
14678642 236.000000 -220.000000 16460.000000 -351.000000 10.000000 242.000000 -2720.000000
14688601 92.000000 -160.000000 16324.000000 -356.000000 -21.000000 22.000000 -2752.000000
14698578 40.000000 -32.000000 16384.000000 -351.000000 -9.000000 0.000000 -2736.000000
14708531 4.000000 -148.000000 16324.000000 -343.000000 248.000000 0.000000 -2752.000000
14718491 200.000000 -124.000000 16404.000000 -380.000000 70.000000 -24.000000 -2752.000000
14728454 64.000000 -176.000000 16360.000000 -414.000000 79.000000 -11.000000 -2736.000000
14738391 -244.000000 -128.000000 16168.000000 -388.000000 69.000000 3.000000 -2768.000000
14748368 132.000000 -184.000000 16304.000000 -347.000000 82.000000 9.000000 -2752.000000
14758346 244.000000 -120.000000 16600.000000 -346.000000 37.000000 -26.000000 -2768.000000
14768314 12.000000 -88.000000 16156.000000 -337.000000 22.000000 -25.000000 -2752.000000
14778287 52.000000 -128.000000 16488.000000 -353.000000 51.000000 -6.000000 -2768.000000
14788516 216.000000 -164.000000 16160.000000 -385.000000 59.000000 -23.000000 -2752.000000
14798492 48.000000 -88.000000 16456.000000 -415.000000 29.000000 -14.000000 -2752.000000
14808467 -204.000000 -96.000000 16400.000000 -402.000000 60.000000 7.000000 -2768.000000
14818282 48.000000 -96.000000 16156.000000 -383.000000 61.000000 -7.000000 -2720.000000
14828038 120.000000 -212.000000 16360.000000 -365.000000 34.000000 250.000000 -2720.000000
14837957 32.000000 -96.000000 16224.000000 -382.000000 38.000000 5.000000 -2752.000000
14847949 0.000000 -136.000000 16596.000000 -355.000000 42.000000 8.000000 -2736.000000
14857924 104.000000 -184.000000 16420.000000 -405.000000 65.000000 5.000000 -2752.000000
14867914 52.000000 -100.000000 16412.000000 -370.000000 30.000000 18.000000 -2768.000000
14877754 48.000000 -200.000000 16408.000000 -365.000000 51.000000 -10.000000 -2768.000000
14887673 252.000000 -172.000000 16420.000000 -393.000000 41.000000 1.000000 -2768.000000
14897641 20.000000 -112.000000 16440.000000 -379.000000 54.000000 -12.000000 -2752.000000
14907601 84.000000 -132.000000 16384.000000 -375.000000 16.000000 -5.000000 -2752.000000
14917549 52.000000 -116.000000 16444.000000 -374.000000 36.000000 -11.000000 -2736.000000
14927512 240.000000 -492.000000 16424.000000 -369.000000 39.000000 -22.000000 -2752.000000
14937517 76.000000 -148.000000 16568.000000 -350.000000 55.000000 -12.000000 -2736.000000
14947491 212.000000 -116.000000 16364.000000 -347.000000 19.000000 6.000000 -2752.000000
14957456 112.000000 -204.000000 16540.000000 -371.000000 90.000000 5.000000 -2720.000000
14967409 44.000000 -168.000000 16600.000000 -381.000000 76.000000 2.000000 -2768.000000
14977340 8.000000 -252.000000 16320.000000 -391.000000 48.000000 5.000000 -2768.000000
14987287 68.000000 -140.000000 16592.000000 -368.000000 68.000000 5.000000 -2720.000000
14997239 80.000000 -88.000000 16580.000000 -374.000000 41.000000 -7.000000 -2736.000000
15007147 192.000000 -164.000000 16416.000000 -371.000000 30.000000 -9.000000 -2768.000000
15017105 28.000000 -144.000000 16436.000000 -376.000000 47.000000 4.000000 -2736.000000
15027068 -32.000000 -100.000000 16448.000000 -386.000000 66.000000 9.000000 -2720.000000
15036900 44.000000 -68.000000 16404.000000 -383.000000 42.000000 254.000000 -2752.000000
15046863 48.000000 -396.000000 16392.000000 -369.000000 85.000000 250.000000 -2736.000000
15056848 -108.000000 -108.000000 16564.000000 -374.000000 51.000000 -253.000000 -2768.000000
15066706 24.000000 -136.000000 16364.000000 -365.000000 28.000000 249.000000 -2736.000000
15076605 -244.000000 -72.000000 16476.000000 -341.000000 41.000000 8.000000 -2720.000000
15086577 0.000000 -148.000000 16472.000000 -374.000000 46.000000 -4.000000 -2784.000000
15096664 104.000000 -200.000000 16596.000000 -381.000000 54.000000 -8.000000 -2752.000000
15108175 52.000000 -192.000000 16316.000000 -378.000000 48.000000 6.000000 -2736.000000
15118232 92.000000 -124.000000 16444.000000 -383.000000 62.000000 -9.000000 -2768.000000
15128061 16.000000 -144.000000 16392.000000 -380.000000 78.000000 254.000000 -2704.000000
15137985 48.000000 -244.000000 16524.000000 -394.000000 63.000000 -13.000000 -2768.000000
15147944 68.000000 -224.000000 16280.000000 -360.000000 54.000000 -16.000000 -2752.000000
15157923 84.000000 -116.000000 16584.000000 -367.000000 47.000000 243.000000 -2720.000000
15167874 124.000000 -168.000000 16468.000000 -374.000000 6.000000 10.000000 -2736.000000
15177847 -8.000000 -140.000000 16476.000000 -362.000000 29.000000 -8.000000 -2752.000000
15187780 144.000000 -124.000000 16456.000000 -362.000000 22.000000 17.000000 -2752.000000
15197706 72.000000 -148.000000 16636.000000 -362.000000 47.000000 255.000000 -2768.000000
15207725 104.000000 -80.000000 16312.000000 -356.000000 54.000000 2.000000 -2720.000000
15217724 60.000000 -128.000000 16448.000000 -358.000000 95.000000 0.000000 -2736.000000
15227697 120.000000 -88.000000 16456.000000 -389.000000 49.000000 255.000000 -2752.000000
15237669 152.000000 -128.000000 16468.000000 -374.000000 38.000000 -6.000000 -2736.000000
15247821 100.000000 -60.000000 16420.000000 -355.000000 95.000000 0.000000 -2768.000000
15257735 16.000000 -192.000000 16628.000000 -387.000000 61.000000 -252.000000 -2736.000000
15267714 252.000000 -192.000000 16376.000000 -343.000000 65.000000 -8.000000 -2752.000000
15277687 232.000000 -136.000000 16568.000000 -346.000000 79.000000 -251.000000 -2736.000000
15287659 76.000000 -148.000000 16436.000000 -386.000000 25.000000 -24.000000 -2752.000000
15297630 20.000000 -236.000000 16452.000000 -348.000000 57.000000 253.000000 -2784.000000
15307614 24.000000 -188.000000 16488.000000 -381.000000 85.000000 5.000000 -2736.000000
15317460 76.000000 -156.000000 16484.000000 -427.000000 86.000000 -16.000000 -2736.000000
15327347 0.000000 -140.000000 16392.000000 -383.000000 104.000000 5.000000 -2736.000000
15337323 120.000000 -152.000000 16580.000000 -372.000000 78.000000 3.000000 -2752.000000
15347310 80.000000 -184.000000 16180.000000 -375.000000 57.000000 0.000000 -2704.000000
15357300 -252.000000 -176.000000 16400.000000 -360.000000 48.000000 -251.000000 -2752.000000
15367279 76.000000 -128.000000 16392.000000 -363.000000 55.000000 -5.000000 -2752.000000
15377267 20.000000 -176.000000 16476.000000 -387.000000 74.000000 251.000000 -2752.000000
15387236 224.000000 -144.000000 16388.000000 -359.000000 99.000000 10.000000 -2752.000000
15397211 44.000000 -132.000000 16460.000000 -413.000000 50.000000 -3.000000 -2768.000000
15407163 24.000000 -144.000000 16448.000000 -372.000000 66.000000 3.000000 -2752.000000
15417125 84.000000 -128.000000 16552.000000 -342.000000 75.000000 7.000000 -2752.000000
15427095 -60.000000 -172.000000 16316.000000 -369.000000 29.000000 -32.000000 -2768.000000
15436955 104.000000 -184.000000 16304.000000 -345.000000 65.000000 10.000000 -2768.000000
15446837 28.000000 -176.000000 16388.000000 -400.000000 91.000000 253.000000 -2768.000000
15456708 32.000000 -184.000000 16268.000000 -406.000000 73.000000 251.000000 -2768.000000
15466593 164.000000 -120.000000 16504.000000 -360.000000 56.000000 -1.000000 -2736.000000
15476536 20.000000 -424.000000 16404.000000 -369.000000 82.000000 250.000000 -2784.000000
15486485 76.000000 -148.000000 16400.000000 -366.000000 60.000000 -15.000000 -2752.000000
15496437 168.000000 -92.000000 16620.000000 -350.000000 18.000000 -12.000000 -2768.000000
15506352 12.000000 -128.000000 16356.000000 -386.000000 76.000000 -9.000000 -2736.000000
15516318 -84.000000 -176.000000 16552.000000 -399.000000 96.000000 -16.000000 -2720.000000
15526289 -24.000000 -172.000000 16436.000000 -380.000000 7.000000 15.000000 -2736.000000
15536167 208.000000 -124.000000 16604.000000 -341.000000 74.000000 254.000000 -2768.000000
15546135 144.000000 -196.000000 16464.000000 -367.000000 70.000000 -250.000000 -2752.000000
15556126 80.000000 -120.000000 16316.000000 -348.000000 53.000000 -13.000000 -2736.000000
15566014 48.000000 -52.000000 16180.000000 -329.000000 34.000000 -1.000000 -2768.000000
15575872 20.000000 32.000000 16620.000000 -474.000000 84.000000 254.000000 -2736.000000
15585845 128.000000 -180.000000 16372.000000 -385.000000 129.000000 49.000000 -2752.000000
15595736 -88.000000 -216.000000 16496.000000 -356.000000 42.000000 4.000000 -2752.000000
15605607 0.000000 -136.000000 16620.000000 -351.000000 45.000000 0.000000 -2752.000000
15615599 16.000000 -104.000000 16392.000000 -300.000000 39.000000 -24.000000 -2768.000000
15625570 36.000000 -156.000000 16576.000000 -427.000000 180.000000 -17.000000 -2768.000000
15635480 80.000000 -96.000000 16460.000000 -416.000000 -36.000000 -5.000000 -2784.000000
15645431 236.000000 -144.000000 16380.000000 -364.000000 81.000000 -251.000000 -2720.000000
15655418 60.000000 -180.000000 16500.000000 -384.000000 100.000000 -8.000000 -2736.000000
15665310 -12.000000 -148.000000 16220.000000 -380.000000 95.000000 -3.000000 -2736.000000
15675150 24.000000 -136.000000 16608.000000 -353.000000 -31.000000 -8.000000 -2736.000000
15685134 92.000000 -108.000000 16360.000000 -383.000000 23.000000 -16.000000 -2784.000000
15695111 84.000000 -224.000000 16512.000000 -406.000000 156.000000 18.000000 -2720.000000
15705360 144.000000 -124.000000 16328.000000 -409.000000 68.000000 9.000000 -2720.000000
15715341 68.000000 -160.000000 16412.000000 -353.000000 6.000000 251.000000 -2736.000000
15725318 4.000000 -148.000000 16444.000000 -380.000000 81.000000 -9.000000 -2768.000000
15735284 120.000000 -68.000000 16416.000000 -383.000000 49.000000 -4.000000 -2784.000000
15745128 16.000000 -224.000000 16484.000000 -403.000000 -45.000000 255.000000 -2752.000000
15755098 232.000000 -152.000000 16204.000000 -333.000000 -9.000000 14.000000 -2736.000000
15765082 248.000000 -176.000000 16432.000000 -390.000000 77.000000 -251.000000 -2752.000000
15775060 48.000000 -52.000000 16532.000000 -437.000000 32.000000 -16.000000 -2784.000000
15785030 92.000000 -128.000000 16152.000000 -393.000000 13.000000 -13.000000 -2736.000000
15795000 32.000000 -96.000000 16488.000000 -417.000000 63.000000 -16.000000 -2752.000000
15804948 44.000000 -112.000000 16612.000000 -432.000000 33.000000 -34.000000 -2768.000000
15814863 0.000000 -116.000000 16440.000000 -379.000000 28.000000 -7.000000 -2736.000000
15824708 72.000000 -224.000000 16384.000000 -390.000000 44.000000 -26.000000 -2736.000000
15834631 -8.000000 -236.000000 16480.000000 -404.000000 45.000000 -256.000000 -2736.000000
15844465 4.000000 -56.000000 16176.000000 -388.000000 44.000000 13.000000 -2736.000000
15854467 8.000000 -112.000000 16540.000000 -395.000000 31.000000 7.000000 -2720.000000
15864435 32.000000 -204.000000 16400.000000 -378.000000 51.000000 -18.000000 -2736.000000
15874358 16.000000 -164.000000 16396.000000 -349.000000 10.000000 -5.000000 -2768.000000
15884194 36.000000 -96.000000 16508.000000 -382.000000 34.000000 6.000000 -2736.000000
15894177 80.000000 -140.000000 16376.000000 -404.000000 26.000000 -255.000000 -2736.000000
15904146 112.000000 -324.000000 16444.000000 -352.000000 67.000000 5.000000 -2720.000000
15914068 84.000000 -124.000000 16476.000000 -368.000000 2.000000 -9.000000 -2736.000000
15924113 124.000000 -224.000000 16476.000000 -392.000000 35.000000 253.000000 -2752.000000
15934036 144.000000 -84.000000 16404.000000 -398.000000 76.000000 13.000000 -2720.000000
15943851 -208.000000 -96.000000 16392.000000 -429.000000 49.000000 -20.000000 -2752.000000
15953802 -256.000000 -108.000000 16612.000000 -407.000000 25.000000 -255.000000 -2720.000000
15963760 -236.000000 -80.000000 16520.000000 -348.000000 -255.000000 -31.000000 -2768.000000
15973684 52.000000 -68.000000 16552.000000 -319.000000 -248.000000 -254.000000 -2784.000000
15983625 28.000000 -84.000000 16416.000000 -358.000000 -249.000000 -21.000000 -2752.000000
15993575 12.000000 -68.000000 16620.000000 -375.000000 19.000000 -5.000000 -2736.000000
16003501 192.000000 -104.000000 16428.000000 -406.000000 83.000000 249.000000 -2768.000000
16013431 -72.000000 -92.000000 16596.000000 -397.000000 119.000000 -243.000000 -2784.000000
16023424 32.000000 -72.000000 16400.000000 -369.000000 11.000000 -11.000000 -2768.000000
16033373 -212.000000 -116.000000 16432.000000 -334.000000 29.000000 -14.000000 -2736.000000
16043164 60.000000 -160.000000 16488.000000 -404.000000 47.000000 254.000000 -2736.000000
16053132 52.000000 -160.000000 16364.000000 -394.000000 33.000000 -7.000000 -2704.000000
16063086 96.000000 -100.000000 16496.000000 -406.000000 40.000000 -8.000000 -2784.000000
16072889 184.000000 -108.000000 16420.000000 -387.000000 42.000000 -14.000000 -2720.000000
16082849 8.000000 -224.000000 16400.000000 -389.000000 83.000000 242.000000 -2720.000000
16092652 20.000000 -68.000000 16404.000000 -376.000000 25.000000 -5.000000 -2752.000000
16102662 240.000000 -104.000000 16400.000000 -372.000000 21.000000 -9.000000 -2736.000000
16112625 112.000000 -136.000000 16252.000000 -360.000000 78.000000 -16.000000 -2752.000000
16122597 72.000000 -128.000000 16472.000000 -383.000000 48.000000 -5.000000 -2752.000000
16132569 96.000000 -148.000000 16628.000000 -377.000000 66.000000 10.000000 -2736.000000
16142348 100.000000 -36.000000 16400.000000 -389.000000 53.000000 -11.000000 -2752.000000
16152599 0.000000 -172.000000 16568.000000 -394.000000 88.000000 -7.000000 -2768.000000
16162594 -4.000000 -220.000000 16512.000000 -385.000000 40.000000 -7.000000 -2720.000000
16172572 32.000000 -196.000000 16320.000000 -411.000000 31.000000 -7.000000 -2736.000000
16182540 244.000000 -84.000000 16416.000000 -386.000000 41.000000 4.000000 -2784.000000
16192547 28.000000 -116.000000 16360.000000 -367.000000 44.000000 15.000000 -2768.000000
16202523 84.000000 -4.000000 16600.000000 -371.000000 13.000000 5.000000 -2752.000000
16212529 148.000000 -248.000000 16420.000000 -363.000000 21.000000 16.000000 -2736.000000
16222525 24.000000 -44.000000 16616.000000 -365.000000 47.000000 254.000000 -2784.000000
16232533 116.000000 -248.000000 16200.000000 -402.000000 64.000000 9.000000 -2768.000000
16242328 52.000000 -144.000000 16132.000000 -384.000000 22.000000 -251.000000 -2752.000000
16252304 64.000000 -96.000000 16236.000000 -371.000000 80.000000 -19.000000 -2768.000000
16262407 28.000000 -172.000000 16332.000000 -376.000000 63.000000 -10.000000 -2736.000000
16272392 200.000000 -80.000000 16552.000000 -380.000000 49.000000 -12.000000 -2720.000000
16282374 104.000000 -112.000000 16456.000000 -371.000000 27.000000 -24.000000 -2768.000000
16292327 108.000000 -144.000000 16476.000000 -392.000000 23.000000 -10.000000 -2752.000000
16302113 -192.000000 -244.000000 16456.000000 -347.000000 45.000000 -5.000000 -2736.000000
16312091 -52.000000 -108.000000 16360.000000 -380.000000 57.000000 -255.000000 -2784.000000
16321882 120.000000 -284.000000 16532.000000 -410.000000 72.000000 -6.000000 -2736.000000
16331841 12.000000 -116.000000 16160.000000 -410.000000 45.000000 -5.000000 -2720.000000
16341616 80.000000 -76.000000 16408.000000 -397.000000 72.000000 246.000000 -2768.000000
16351565 -244.000000 -80.000000 16236.000000 -368.000000 51.000000 16.000000 -2736.000000
16361527 28.000000 -188.000000 16564.000000 -344.000000 29.000000 28.000000 -2752.000000
16371480 20.000000 -60.000000 16572.000000 -324.000000 40.000000 8.000000 -2752.000000
16381443 44.000000 -88.000000 16384.000000 -380.000000 43.000000 -10.000000 -2736.000000
16391374 -228.000000 -80.000000 16404.000000 -400.000000 79.000000 2.000000 -2720.000000
16401450 148.000000 -124.000000 16164.000000 -423.000000 83.000000 -253.000000 -2736.000000
16411418 128.000000 -196.000000 16620.000000 -417.000000 58.000000 -3.000000 -2784.000000
16421376 44.000000 -60.000000 16324.000000 -405.000000 62.000000 -255.000000 -2768.000000
16431349 64.000000 -32.000000 16472.000000 -384.000000 69.000000 -21.000000 -2752.000000
16441197 204.000000 -156.000000 16468.000000 -382.000000 31.000000 9.000000 -2768.000000
16451170 48.000000 -220.000000 16344.000000 -375.000000 89.000000 -2.000000 -2752.000000
16461143 20.000000 -176.000000 16396.000000 -357.000000 15.000000 -5.000000 -2768.000000
16471117 208.000000 -120.000000 16404.000000 -364.000000 30.000000 -43.000000 -2752.000000
16481112 20.000000 -92.000000 16440.000000 -388.000000 12.000000 -2.000000 -2752.000000
16491042 244.000000 -140.000000 16564.000000 -427.000000 41.000000 -1.000000 -2768.000000
16501028 -184.000000 -108.000000 16308.000000 -407.000000 61.000000 -9.000000 -2752.000000
16510850 76.000000 -156.000000 16136.000000 -401.000000 41.000000 -2.000000 -2752.000000
16520818 -12.000000 -128.000000 16388.000000 -397.000000 41.000000 4.000000 -2768.000000
16530793 8.000000 -148.000000 16420.000000 -358.000000 -2.000000 -6.000000 -2768.000000
16540611 76.000000 -140.000000 16416.000000 -343.000000 -35.000000 -252.000000 -2768.000000
16550577 88.000000 -72.000000 16432.000000 -344.000000 39.000000 255.000000 -2752.000000
16560549 -68.000000 -144.000000 16408.000000 -382.000000 38.000000 5.000000 -2752.000000
16570334 128.000000 -140.000000 16336.000000 -405.000000 61.000000 -255.000000 -2752.000000
16580317 80.000000 -172.000000 16540.000000 -424.000000 74.000000 14.000000 -2768.000000
16590285 40.000000 -136.000000 16468.000000 -398.000000 52.000000 -9.000000 -2768.000000
16600261 228.000000 -204.000000 16336.000000 -351.000000 -20.000000 11.000000 -2752.000000
16610503 232.000000 -56.000000 16548.000000 -352.000000 -15.000000 2.000000 -2736.000000
16620482 4.000000 -184.000000 16392.000000 -374.000000 17.000000 -254.000000 -2752.000000
16630439 60.000000 -208.000000 16392.000000 -392.000000 44.000000 -3.000000 -2736.000000
16640266 20.000000 -64.000000 16604.000000 -375.000000 86.000000 -8.000000 -2752.000000
16650209 -12.000000 -84.000000 16408.000000 -369.000000 73.000000 5.000000 -2736.000000
16660188 28.000000 -196.000000 16412.000000 -342.000000 30.000000 241.000000 -2752.000000
16670159 28.000000 -200.000000 16468.000000 -359.000000 -250.000000 -15.000000 -2720.000000
16680137 4.000000 -100.000000 16400.000000 -353.000000 26.000000 9.000000 -2736.000000
16690105 12.000000 -200.000000 16484.000000 -379.000000 31.000000 18.000000 -2752.000000
16700076 96.000000 -48.000000 16456.000000 -406.000000 53.000000 2.000000 -2736.000000
16710049 60.000000 -124.000000 16384.000000 -378.000000 74.000000 4.000000 -2752.000000
16719843 120.000000 -68.000000 16208.000000 -419.000000 69.000000 4.000000 -2704.000000
16729800 -248.000000 -192.000000 16132.000000 -367.000000 45.000000 18.000000 -2752.000000
16740064 108.000000 -204.000000 16228.000000 -346.000000 44.000000 19.000000 -2736.000000
16749851 36.000000 -52.000000 16512.000000 -349.000000 23.000000 -6.000000 -2752.000000
16759815 80.000000 -68.000000 16600.000000 -360.000000 31.000000 10.000000 -2736.000000
16769628 80.000000 -96.000000 16488.000000 -387.000000 44.000000 248.000000 -2752.000000
16779773 120.000000 -236.000000 16364.000000 -418.000000 44.000000 252.000000 -2720.000000
16789748 36.000000 -240.000000 16384.000000 -413.000000 52.000000 19.000000 -2768.000000
16799728 212.000000 -84.000000 16440.000000 -414.000000 37.000000 -23.000000 -2752.000000
16809681 28.000000 -116.000000 16140.000000 -394.000000 32.000000 -9.000000 -2736.000000
16819468 68.000000 -196.000000 16624.000000 -373.000000 6.000000 -26.000000 -2752.000000
16829392 24.000000 -168.000000 16624.000000 -367.000000 15.000000 -14.000000 -2720.000000
16839285 156.000000 -172.000000 16128.000000 -381.000000 22.000000 -10.000000 -2768.000000
16849225 160.000000 -112.000000 16372.000000 -370.000000 54.000000 -2.000000 -2736.000000
16859206 -152.000000 -112.000000 16412.000000 -380.000000 82.000000 -253.000000 -2720.000000
16869189 68.000000 -176.000000 16636.000000 -415.000000 36.000000 1.000000 -2752.000000
16879157 116.000000 -32.000000 16376.000000 -389.000000 -255.000000 -14.000000 -2752.000000
16889119 -164.000000 -188.000000 16404.000000 -394.000000 38.000000 -35.000000 -2720.000000
16899077 -220.000000 -48.000000 16392.000000 -408.000000 41.000000 7.000000 -2768.000000
16909042 36.000000 -172.000000 16372.000000 -393.000000 2.000000 -30.000000 -2752.000000
16919027 20.000000 -136.000000 16460.000000 -392.000000 42.000000 -10.000000 -2736.000000
16928841 16.000000 -168.000000 16376.000000 -386.000000 68.000000 12.000000 -2720.000000
16938691 64.000000 -104.000000 16460.000000 -390.000000 50.000000 13.000000 -2720.000000
16948617 48.000000 -164.000000 16420.000000 -422.000000 37.000000 2.000000 -2752.000000
16958443 36.000000 -160.000000 16600.000000 -377.000000 72.000000 -11.000000 -2752.000000
16968375 96.000000 -152.000000 16360.000000 -389.000000 55.000000 6.000000 -2768.000000
16978327 48.000000 -164.000000 16520.000000 -386.000000 16.000000 4.000000 -2736.000000
16988263 44.000000 -212.000000 16484.000000 -389.000000 28.000000 4.000000 -2752.000000
16998219 52.000000 -120.000000 16512.000000 -401.000000 47.000000 -18.000000 -2784.000000
17008123 224.000000 -24.000000 16308.000000 -402.000000 16.000000 10.000000 -2736.000000
17018082 128.000000 -180.000000 16420.000000 -394.000000 12.000000 13.000000 -2736.000000
17028056 40.000000 -132.000000 16388.000000 -375.000000 59.000000 6.000000 -2752.000000
17037967 84.000000 -148.000000 16524.000000 -374.000000 37.000000 250.000000 -2752.000000
17047885 72.000000 -100.000000 16504.000000 -403.000000 71.000000 -22.000000 -2720.000000
17057855 40.000000 -136.000000 16612.000000 -375.000000 35.000000 4.000000 -2784.000000
17074514 -228.000000 -152.000000 16200.000000 -385.000000 41.000000 15.000000 -2752.000000
17084475 32.000000 -76.000000 16320.000000 -390.000000 36.000000 -18.000000 -2736.000000
17094421 76.000000 -120.000000 16476.000000 -411.000000 250.000000 -15.000000 -2752.000000
17104383 40.000000 -140.000000 16128.000000 -410.000000 25.000000 19.000000 -2768.000000
17114358 -8.000000 -164.000000 16504.000000 -410.000000 49.000000 11.000000 -2768.000000
17124322 124.000000 -188.000000 16192.000000 -390.000000 25.000000 4.000000 -2720.000000
17134237 24.000000 -152.000000 16372.000000 -369.000000 -253.000000 253.000000 -2736.000000
17144098 52.000000 -180.000000 16488.000000 -371.000000 38.000000 -11.000000 -2752.000000
17154064 24.000000 -176.000000 16388.000000 -353.000000 48.000000 19.000000 -2736.000000
17164059 136.000000 -104.000000 16492.000000 -376.000000 35.000000 248.000000 -2720.000000
17174023 20.000000 -28.000000 16464.000000 -392.000000 44.000000 -13.000000 -2736.000000
17183998 -212.000000 -128.000000 16552.000000 -392.000000 31.000000 -10.000000 -2752.000000
17193985 76.000000 -72.000000 16584.000000 -390.000000 24.000000 -250.000000 -2752.000000
17203961 16.000000 -136.000000 16440.000000 -393.000000 57.000000 -248.000000 -2752.000000
17213945 64.000000 -152.000000 16608.000000 -402.000000 19.000000 -255.000000 -2720.000000
17223918 -196.000000 -372.000000 16600.000000 -404.000000 61.000000 14.000000 -2736.000000
17233932 108.000000 -176.000000 16192.000000 -359.000000 43.000000 -252.000000 -2752.000000
17243787 20.000000 -136.000000 16296.000000 -378.000000 55.000000 -11.000000 -2752.000000
17253774 112.000000 -4.000000 16452.000000 -383.000000 17.000000 1.000000 -2736.000000
17263745 -248.000000 -160.000000 16264.000000 -370.000000 33.000000 3.000000 -2752.000000
17273739 -176.000000 -68.000000 16628.000000 -394.000000 70.000000 -251.000000 -2768.000000
17283708 28.000000 -200.000000 16472.000000 -399.000000 27.000000 0.000000 -2752.000000
17293692 -208.000000 -160.000000 16328.000000 -386.000000 7.000000 254.000000 -2784.000000
17303641 -116.000000 -168.000000 16208.000000 -375.000000 245.000000 -18.000000 -2768.000000
17313600 184.000000 -188.000000 16580.000000 -374.000000 13.000000 -13.000000 -2752.000000
17323412 120.000000 -88.000000 16456.000000 -404.000000 30.000000 -242.000000 -2704.000000
17333372 -232.000000 -248.000000 16372.000000 -425.000000 63.000000 -254.000000 -2720.000000
17343269 144.000000 -136.000000 16412.000000 -382.000000 43.000000 254.000000 -2752.000000
17353079 -164.000000 -108.000000 16544.000000 -414.000000 93.000000 -17.000000 -2720.000000
17363048 -212.000000 -160.000000 16304.000000 -400.000000 63.000000 0.000000 -2800.000000
17372989 -48.000000 -96.000000 16548.000000 -411.000000 50.000000 -15.000000 -2736.000000
17382946 36.000000 -140.000000 16572.000000 -394.000000 24.000000 -19.000000 -2720.000000
17392910 -76.000000 -88.000000 16460.000000 -392.000000 57.000000 7.000000 -2768.000000
17402853 36.000000 -168.000000 16452.000000 -397.000000 46.000000 6.000000 -2768.000000
17412811 60.000000 -140.000000 16316.000000 -404.000000 13.000000 -9.000000 -2752.000000
17422764 104.000000 -192.000000 16436.000000 -370.000000 7.000000 9.000000 -2768.000000
17432720 -236.000000 -140.000000 16596.000000 -396.000000 44.000000 -5.000000 -2736.000000
17442615 56.000000 -4.000000 16372.000000 -405.000000 15.000000 -24.000000 -2704.000000
17452587 84.000000 -108.000000 16380.000000 -425.000000 51.000000 -10.000000 -2720.000000
17462543 52.000000 -228.000000 16448.000000 -399.000000 93.000000 7.000000 -2768.000000
17472522 16.000000 -184.000000 16372.000000 -413.000000 46.000000 -29.000000 -2720.000000
17482456 72.000000 -224.000000 16524.000000 -385.000000 34.000000 -254.000000 -2720.000000
17492408 96.000000 -196.000000 16532.000000 -357.000000 -8.000000 20.000000 -2768.000000
17502356 28.000000 -44.000000 16508.000000 -369.000000 46.000000 -3.000000 -2720.000000
17512333 36.000000 -192.000000 16160.000000 -356.000000 21.000000 3.000000 -2752.000000
17522585 -204.000000 -152.000000 16388.000000 -384.000000 49.000000 -5.000000 -2736.000000
17532564 36.000000 -204.000000 16412.000000 -408.000000 50.000000 -9.000000 -2752.000000
17542443 72.000000 -212.000000 16128.000000 -397.000000 40.000000 -21.000000 -2752.000000
17552406 104.000000 -40.000000 16256.000000 -396.000000 19.000000 -16.000000 -2736.000000
17562179 52.000000 -144.000000 16620.000000 -377.000000 43.000000 -10.000000 -2720.000000
17571978 48.000000 -240.000000 16468.000000 -361.000000 27.000000 -17.000000 -2720.000000
17581970 64.000000 -244.000000 16596.000000 -369.000000 18.000000 -256.000000 -2752.000000
17591922 64.000000 -200.000000 16188.000000 -374.000000 16.000000 -34.000000 -2736.000000
17601893 172.000000 -256.000000 16240.000000 -385.000000 65.000000 -14.000000 -2720.000000
17611861 116.000000 -4.000000 16172.000000 -433.000000 90.000000 -14.000000 -2736.000000
17621839 60.000000 -68.000000 16184.000000 -403.000000 28.000000 -254.000000 -2752.000000
17631811 16.000000 -216.000000 16512.000000 -381.000000 21.000000 -3.000000 -2736.000000
17641688 108.000000 -116.000000 16468.000000 -382.000000 60.000000 -15.000000 -2752.000000
17651684 116.000000 -152.000000 16488.000000 -384.000000 12.000000 -13.000000 -2736.000000
17661658 -196.000000 -108.000000 16500.000000 -443.000000 50.000000 -18.000000 -2720.000000
17671622 112.000000 -276.000000 16496.000000 -433.000000 90.000000 -16.000000 -2768.000000
17681407 36.000000 -156.000000 16612.000000 -389.000000 164.000000 8.000000 -2752.000000
17691404 232.000000 -160.000000 16616.000000 -351.000000 101.000000 2.000000 -2736.000000
17701362 24.000000 -156.000000 16344.000000 -438.000000 117.000000 -7.000000 -2720.000000
17711339 48.000000 -184.000000 16388.000000 -436.000000 172.000000 27.000000 -2720.000000
17721300 -16.000000 -252.000000 16580.000000 -487.000000 33.000000 -9.000000 -2752.000000
17731254 -256.000000 -132.000000 16336.000000 -419.000000 53.000000 6.000000 -2752.000000
17741202 20.000000 -76.000000 16532.000000 -336.000000 -82.000000 -14.000000 -2752.000000
17751176 68.000000 -56.000000 16312.000000 -330.000000 -98.000000 -22.000000 -2752.000000
17760913 68.000000 -216.000000 16444.000000 -360.000000 -35.000000 246.000000 -2736.000000
17770669 76.000000 -164.000000 16460.000000 -541.000000 58.000000 -23.000000 -2752.000000
17780642 56.000000 -64.000000 16576.000000 -485.000000 110.000000 -13.000000 -2720.000000
17790642 28.000000 -16.000000 16160.000000 -459.000000 222.000000 255.000000 -2752.000000
17800616 100.000000 -52.000000 16348.000000 -453.000000 224.000000 4.000000 -2752.000000
17810589 180.000000 -12.000000 16340.000000 -462.000000 106.000000 -253.000000 -2736.000000
17820355 -216.000000 -144.000000 16268.000000 -386.000000 81.000000 17.000000 -2752.000000
17830332 52.000000 -292.000000 16380.000000 -324.000000 18.000000 -37.000000 -2736.000000
17840244 76.000000 -200.000000 16316.000000 -395.000000 58.000000 -7.000000 -2752.000000
17850204 88.000000 -88.000000 16400.000000 -431.000000 4.000000 -38.000000 -2752.000000
17860173 80.000000 -140.000000 16476.000000 -426.000000 104.000000 251.000000 -2736.000000
17870148 -24.000000 -160.000000 16632.000000 -473.000000 184.000000 -19.000000 -2752.000000
17880123 28.000000 -156.000000 16156.000000 -467.000000 153.000000 -252.000000 -2752.000000
17890080 104.000000 -168.000000 16352.000000 -448.000000 102.000000 -20.000000 -2736.000000
17900037 -40.000000 -244.000000 16400.000000 -377.000000 98.000000 -249.000000 -2752.000000
17910004 40.000000 -236.000000 16412.000000 -285.000000 45.000000 12.000000 -2768.000000
17919972 32.000000 -232.000000 16424.000000 -343.000000 -95.000000 -24.000000 -2752.000000
17929942 56.000000 -184.000000 16404.000000 -350.000000 42.000000 -247.000000 -2736.000000
17939870 76.000000 -216.000000 16528.000000 -430.000000 149.000000 252.000000 -2768.000000
17949829 28.000000 -164.000000 16508.000000 -459.000000 88.000000 9.000000 -2720.000000
17959803 116.000000 -200.000000 16432.000000 -389.000000 124.000000 244.000000 -2752.000000
17969778 4.000000 -460.0